$SPEC_ID:
Fe-55 sample
$SPEC_REM:
DET# 1
DETDESC# DESKTOP-SOU5NOG Easy-MCA-2k SN 14127175
AP# Maestro Version 7.01
$DATE_MEA:
02/22/2023 13:50:18
$MEAS_TIM:
2325 2332
$DATA:
0 2047
       0
       0
       0
     181
     281
      30
      96
     328
     189
     233
     174
      67
      49
      30
      13
       4
       2
       4
       1
       1
       2
       1
       0
       0
       1
       1
       1
       1
       0
       4
       1
       1
       2
       2
       4
       1
       1
       1
       2
       0
       4
       0
       4
       0
       4
       8
       1
       5
       7
       8
      12
      11
       5
       9
       3
      14
       6
      14
      11
      11
      13
       8
      18
      18
      13
      15
      19
      11
      21
      19
      19
      16
      20
      17
      12
      17
      21
      19
      20
      20
      18
      12
      20
      15
      18
       9
      19
      14
      14
      14
      16
       9
      12
      13
       7
       8
      17
      16
      16
      15
      16
      18
      24
      21
      17
      23
      30
      41
      36
      48
      78
      55
      60
      47
      64
      72
      55
      62
      55
      49
      41
      44
      36
      35
      26
      29
      18
      29
      24
      14
      19
      15
      21
      16
      12
      18
      17
      17
      14
      14
      13
       5
       7
      13
      10
      10
      13
      17
      13
      17
       9
      19
       9
      11
      14
      15
      15
      15
       5
      20
      14
      17
      14
      12
      12
      16
      12
       8
      17
      11
      10
      11
      13
      13
      11
       7
      17
      15
      19
      11
       8
      21
      21
      12
      27
      16
      17
      20
      15
      22
      16
      18
      26
      21
      30
      26
      26
      33
      29
      29
      25
      33
      26
      29
      20
      29
      33
      27
      38
      34
      38
      33
      49
      41
      33
      45
      39
      55
      41
      50
      37
      40
      42
      42
      39
      29
      37
      34
      41
      29
      45
      37
      29
      26
      26
      20
      23
      24
      19
      18
      18
      13
      18
      17
      23
      15
      15
      17
      17
       8
      15
      12
      11
      15
      13
      12
       7
      20
      13
      13
      12
      10
      10
      11
      18
      20
      20
      19
      22
      33
      31
      32
      34
      30
      18
      23
      21
      13
      19
      11
      20
      16
      10
      12
      15
      14
      18
      19
      24
      18
      29
      21
      24
      19
      19
      21
      16
      14
      17
      15
       9
      14
      17
      11
      12
      10
      13
      13
      11
      10
      12
      12
      10
      12
       9
       5
       9
      10
      12
      19
      16
      12
      13
      13
      13
      15
      11
       9
      17
       6
      12
      11
       8
      10
      12
       9
      14
      13
       9
      14
      11
      12
      13
       5
      10
      16
      13
      11
       6
       9
       8
       6
      14
      17
      10
       5
      11
      13
      14
       7
      12
      11
      12
       7
       5
       9
       7
       8
      12
      17
      10
      19
       7
       7
      12
      13
      23
      14
      18
      20
      23
      19
      22
      16
      19
      14
      19
      16
      17
      10
      10
      10
       9
       9
      11
      11
       7
      17
       6
      15
       8
       8
      12
      13
      14
      11
      14
      16
       9
      10
      11
      20
      11
      13
      13
      11
      14
       8
      10
       8
      16
      21
      10
      15
       9
      13
       7
       7
      10
       5
      14
      16
      11
      11
      13
      17
      18
      10
      16
      19
      17
      16
      11
      11
      16
      17
      15
      15
      12
      18
      18
      14
      14
      30
      16
      27
      28
      14
      20
      26
      11
      18
      17
      23
      15
      20
      18
       9
      15
      18
      13
      13
      17
      10
      19
      18
      10
       7
       9
      14
      27
      15
       8
      16
      17
      14
      11
      16
      13
      14
      19
      15
      11
      10
      21
      25
       9
      16
      22
      13
      16
      13
      13
      10
      16
      13
       8
      13
      14
      20
      21
      15
      19
      14
      11
      14
      18
      18
      15
      14
      14
      16
      21
      14
      18
      24
      14
      27
      23
      22
      17
      13
      27
      17
      28
      21
      18
      16
      18
      16
      18
      25
      19
      18
      22
      23
      21
      23
      18
      24
      17
      30
      27
      18
      17
      24
      23
      21
      20
      15
      15
      24
      18
      21
      24
      38
      22
      19
      22
      20
      26
      10
      21
      21
      38
      27
      21
      29
      18
      25
      25
      25
      22
      23
      18
      27
      23
      25
      26
      20
      20
      24
      22
      23
      32
      30
      31
      22
      29
      32
      41
      35
      28
      29
      22
      38
      42
      40
      37
      42
      61
      64
      68
      66
      91
     117
     129
     137
     168
     124
     165
     112
     106
      87
      72
      54
      46
      42
      27
      36
      38
      41
      45
      29
      47
      49
      41
      59
      55
      47
      58
      50
      40
      49
      41
      44
      45
      50
      44
      50
      54
      36
      41
      43
      55
      45
      41
      44
      54
      48
      47
      39
      59
      69
      67
      62
      65
      69
      75
      58
      75
      79
      69
      73
      77
      55
      67
      62
      85
      85
      74
      69
      85
      84
      64
      95
      83
      80
      89
     107
      98
     101
      99
      90
     119
     111
     135
     190
     225
     326
     358
     448
     458
     497
     511
     560
     740
    1082
    1475
    2014
    2467
    2770
    2818
    2603
    2392
    1963
    1465
    1015
     618
     363
     225
     202
     137
     126
      83
      82
      92
      80
      81
      62
      64
      87
      76
      77
      79
     116
     111
     121
     153
     167
     245
     239
     225
     267
     305
     297
     344
     503
     607
     593
     539
     445
     521
     510
     519
     389
     351
     338
     211
     193
     247
     360
     257
     222
     230
     195
     206
     193
     217
     230
     212
     226
     202
     192
     185
     193
     156
     145
     157
     148
     150
     142
     130
     131
     135
     112
     124
      95
      85
      95
      89
      57
      58
      59
      58
      60
      89
      93
      75
     101
     125
     114
     163
     185
     200
     164
     177
     171
     172
     193
     139
     155
     125
     120
     109
      94
      63
      84
      83
      68
      72
      76
      64
      72
      59
      37
      44
      32
      41
      40
      36
      30
      33
      20
      28
      24
      16
      13
       9
      15
      17
      11
      17
      16
      20
      16
      18
      21
      22
      14
      25
      26
      19
      23
      20
      15
      29
      13
      16
      14
      10
      11
       9
       9
       8
      13
      12
       9
       4
       7
       5
       8
       6
       7
       7
       3
       3
       1
       4
       4
       3
       4
       4
       2
       1
       2
       1
       1
       0
       0
       0
       0
       0
       0
       2
       0
       1
       0
       0
       0
       0
       0
       0
       0
       0
       0
       0
       0
       0
       0
       0
       0
       0
       0
       0
       0
       0
       0
       0
       0
       0
       0
       0
       0
       0
       0
       0
       0
       0
       0
       0
       0
       0
       0
       0
       0
       0
       0
       0
       0
       0
       0
       0
       0
       0
       0
       0
       0
       0
       0
       0
       0
       0
       0
       0
       0
       0
       0
       0
       0
       0
       0
       0
       0
       0
       0
       0
       0
       0
       0
       0
       0
       0
       0
       0
       0
       0
       0
       0
       0
       0
       0
       0
       0
       0
       0
       0
       0
       0
       0
       0
       0
       0
       0
       0
       0
       0
       0
       0
       0
       0
       0
       0
       0
       0
       0
       0
       0
       0
       0
       0
       0
       0
       0
       0
       0
       0
       0
       0
       0
       0
       0
       0
       0
       0
       0
       0
       0
       0
       0
       0
       0
       0
       0
       0
       0
       0
       0
       0
       0
       0
       0
       0
       0
       0
       0
       0
       0
       0
       0
       0
       0
       0
       0
       0
       0
       0
       0
       0
       0
       0
       0
       0
       0
       0
       0
       0
       0
       0
       0
       0
       0
       0
       0
       0
       0
       0
       0
       0
       0
       0
       0
       0
       0
       0
       0
       0
       0
       0
       0
       0
       0
       0
       0
       0
       0
       0
       0
       0
       0
       0
       0
       0
       0
       0
       0
       0
       0
       0
       0
       0
       0
       0
       0
       0
       0
       0
       0
       0
       0
       0
       0
       0
       0
       0
       0
       0
       0
       0
       0
       0
       0
       0
       0
       0
       0
       0
       0
       0
       0
       0
       0
       0
       0
       0
       0
       0
       0
       0
       0
       0
       0
       0
       0
       0
       0
       0
       0
       0
       0
       0
       0
       0
       0
       0
       0
       0
       0
       0
       0
       0
       0
       0
       0
       0
       0
       0
       0
       0
       0
       0
       0
       0
       0
       0
       0
       0
       0
       0
       0
       0
       0
       0
       0
       0
       0
       0
       0
       0
       0
       0
       0
       0
       0
       0
       0
       0
       0
       0
       0
       0
       0
       0
       0
       0
       0
       0
       0
       0
       0
       0
       0
       0
       0
       0
       0
       0
       0
       0
       0
       0
       0
       0
       0
       0
       0
       0
       0
       0
       0
       0
       0
       0
       0
       0
       0
       0
       0
       0
       0
       0
       0
       0
       0
       0
       0
       0
       0
       0
       0
       0
       0
       0
       0
       0
       0
       0
       0
       0
       0
       0
       0
       0
       0
       0
       0
       0
       0
       0
       0
       0
       0
       0
       0
       0
       0
       0
       0
       0
       0
       0
       0
       0
       0
       0
       0
       0
       0
       0
       0
       0
       0
       0
       0
       0
       0
       0
       0
       0
       0
       0
       0
       0
       0
       0
       0
       0
       0
       0
       0
       0
       0
       0
       0
       0
       0
       0
       0
       0
       0
       0
       0
       0
       0
       0
       0
       0
       0
       0
       0
       0
       0
       0
       0
       0
       0
       0
       0
       0
       0
       0
       0
       0
       0
       0
       0
       0
       0
       0
       0
       0
       0
       0
       0
       0
       0
       0
       0
       0
       0
       0
       0
       0
       0
       0
       0
       0
       0
       0
       0
       0
       0
       0
       0
       0
       0
       0
       0
       0
       0
       0
       0
       0
       0
       0
       0
       0
       0
       0
       0
       0
       0
       0
       0
       0
       0
       0
       0
       0
       0
       0
       0
       0
       0
       0
       0
       0
       0
       0
       0
       0
       0
       0
       0
       0
       0
       0
       0
       0
       0
       0
       0
       0
       0
       0
       0
       0
       0
       0
       0
       0
       0
       0
       0
       0
       0
       0
       0
       0
       0
       0
       0
       0
       0
       0
       0
       0
       0
       0
       0
       0
       0
       0
       0
       0
       0
       0
       0
       0
       0
       0
       0
       0
       0
       0
       0
       0
       0
       0
       0
       0
       0
       0
       0
       0
       0
       0
       0
       0
       0
       0
       0
       0
       0
       0
       0
       0
       0
       0
       0
       0
       0
       0
       0
       0
       0
       0
       0
       0
       0
       0
       0
       0
       0
       0
       0
       0
       0
       0
       0
       0
       0
       0
       0
       0
       0
       0
       0
       0
       0
       0
       0
       0
       0
       0
       0
       0
       0
       0
       0
       0
       0
       0
       0
       0
       0
       0
       0
       0
       0
       0
       0
       0
       0
       0
       0
       0
       0
       0
       0
       0
       0
       0
       0
       0
       0
       0
       0
       0
       0
       0
       0
       0
       0
       0
       0
       0
       0
       0
       0
       0
       0
       0
       0
       0
       0
       0
       0
       0
       0
       0
       0
       0
       0
       0
       0
       0
       0
       0
       0
       0
       0
       0
       0
       0
       0
       0
       0
       0
       0
       0
       0
       0
       0
       0
       0
       0
       0
       0
       0
       0
       0
       0
       0
       0
       0
       0
       0
       0
       0
       0
       0
       0
       0
       0
       0
       0
       0
       0
       0
       0
       0
       0
       0
       0
       0
       0
       0
       0
       0
       0
       0
       0
       0
       0
       0
       0
       0
       0
       0
       0
       0
       0
       0
       0
       0
       0
       0
       0
       0
       0
       0
       0
       0
       0
       0
       0
       0
       0
       0
       0
       0
       0
       0
       0
       0
       0
       0
       0
       0
       0
       0
       0
       0
       0
       0
       0
       0
       0
       0
       0
       0
       0
       0
       0
       0
       0
       0
       0
       0
       0
       0
       0
       0
       0
       0
       0
       0
       0
       0
       0
       0
       0
       0
       0
       0
       0
       0
       0
       0
       0
       0
       0
       0
       0
       0
       0
       0
       0
       0
       0
       0
       0
       0
       0
       0
       0
       0
       0
       0
       0
       0
       0
       0
       0
       0
       0
       0
       0
       0
       0
       0
       0
       0
       0
       0
       0
       0
       0
       0
       0
       0
       0
       0
       0
       0
       0
       0
       0
       0
       0
       0
       0
       0
       0
       0
       0
       0
       0
       0
       0
       0
       0
       0
       0
       0
       0
       0
       0
       0
       0
       0
       0
       0
       0
       0
       0
       0
       0
       0
       0
       0
       0
       0
       0
       0
       0
       0
       0
       0
       0
       0
       0
       0
       0
       0
       0
       0
       0
       0
       0
       0
       0
       0
       0
       0
       0
       0
       0
       0
       0
       0
       0
       0
       0
       0
       0
       0
       0
       0
       0
       0
       0
       0
       0
       0
       0
       0
       0
       0
       0
       0
       0
       0
       0
       0
       0
       0
       0
       0
       0
       0
       0
       0
       0
       0
       0
       0
       0
       0
       0
       0
       0
       0
       0
       0
       0
       0
       0
       0
       0
       0
       0
       0
       0
       0
       0
       0
       0
       0
       0
       0
       0
       0
       0
       0
       0
       0
       0
       0
       0
       0
       0
       0
       0
       0
       0
       0
       0
       0
       0
       0
       0
       0
       0
       0
       0
       0
       0
       0
       0
       0
       0
       0
       0
       0
       0
       0
       0
       0
       0
       0
       0
       0
       0
       0
       0
       0
       0
       0
       0
       0
       0
       0
       0
       0
       0
       0
       0
       0
       0
       0
       0
       0
       0
       0
       0
       0
       0
       0
       0
       0
       0
       0
       0
       0
       0
       0
       0
       0
       0
       0
       0
       0
       0
       0
       0
       0
       0
       0
       0
       0
       0
       0
       0
       0
       0
       0
       0
       0
       0
       0
       0
       0
       0
       0
       0
       0
       0
       0
       0
       0
       0
       0
       0
       0
       0
       0
       0
       0
       0
       0
       0
       0
       0
       0
       0
       0
       0
       0
       0
       0
       0
       0
       0
       0
       0
       0
       0
       0
       0
       0
       0
       0
       0
       0
       0
       0
$ROI:
0
$PRESETS:
Live Time
3600
0
$ENER_FIT:
-0.224999 0.029000
$MCA_CAL:
3
-2.249987E-001 2.900000E-002 0.000000E+000 keV
$SHAPE_CAL:
3
0.000000E+000 0.000000E+000 0.000000E+000
