$SPEC_ID:
Fe-55 sample
$SPEC_REM:
DET# 1
DETDESC# DESKTOP-SOU5NOG Easy-MCA-2k SN 14127175
AP# Maestro Version 7.01
$DATE_MEA:
02/15/2023 14:45:53
$MEAS_TIM:
1417 1422
$DATA:
0 2047
       0
       0
       0
     148
     227
      19
      53
     203
      93
     123
     133
      42
      30
      16
       4
       2
       3
       1
       2
       0
       2
       2
       2
       1
       1
       0
       1
       3
       0
       3
       0
       2
       0
       2
       2
       0
       2
       0
       0
       2
       4
       1
       1
       3
       3
       2
       4
       1
       6
       8
       3
       8
       8
       4
       4
       4
      11
       6
       5
      10
       4
       5
      14
      14
      19
       9
       9
      14
      10
      15
      17
      14
      13
       6
      17
      12
      13
      23
      12
      16
      12
      15
       6
      17
       7
      14
      15
      10
      11
       9
       8
      18
      13
       8
       7
       7
      12
       7
      15
      12
       7
      10
      15
      16
      17
       9
      16
      22
      26
      26
      47
      55
      45
      56
      64
      55
      55
      48
      45
      44
      51
      47
      29
      51
      28
      25
      21
      25
      15
      21
      15
      13
       8
       8
      11
      18
      17
       9
       7
       7
      14
      15
      11
      14
       7
      11
       9
       8
       4
       8
       2
       9
      12
       8
      10
       8
      12
       2
      13
      12
      13
      12
       6
       7
      10
       9
       4
       8
       6
       8
       5
       7
      17
      12
      10
      10
       4
      14
      16
      11
       5
      16
      11
       7
       7
      11
       9
       9
       9
       9
      11
       6
       8
      12
       9
       6
      18
      10
      13
       5
       6
      10
       6
      13
      11
       7
      10
       5
      15
      11
      14
       8
       6
       8
      10
       4
       6
       8
      12
       9
       6
       9
      17
      13
       9
       7
      10
       7
      10
      10
       9
       9
       9
      12
       8
       8
       9
      14
      13
      11
      14
       8
      13
      13
       9
       5
       6
       7
       5
       3
       4
       9
      12
       7
      10
      10
       8
      15
      10
       5
       7
       7
       8
      11
       8
       6
      16
       9
      17
      16
       7
      10
      15
      23
      26
      15
      35
      25
      30
      22
      24
      18
      17
       9
      13
      15
       8
       8
      13
      12
      11
       8
      12
      10
      18
      16
      22
      12
      13
      10
      16
      17
      12
      15
      15
      12
       8
      13
      19
      11
       7
      10
       6
       9
      13
      13
       5
      11
      10
      11
       4
      12
      12
       7
      14
       6
       7
       9
      11
       9
       8
       8
       7
       9
       5
       9
       9
       7
      12
      10
      11
       8
       6
       6
       8
      11
      10
      13
      10
       7
       9
       4
       6
      12
      12
      10
       8
       8
      12
       7
       9
       9
       5
       6
      11
       7
       6
      11
       7
      10
      11
       5
      10
       7
       4
      10
      11
      10
       4
      12
       9
       9
       8
       9
      10
      10
      19
      16
      19
      18
      17
      14
      11
      12
      14
      13
      16
      18
       9
      12
      12
      10
      10
      18
       8
      11
       7
       8
       6
      11
       7
       7
      14
       7
       7
       9
      12
      10
       9
      10
      11
       6
       6
      10
      10
      11
       5
       6
      15
       8
      10
      12
       5
       9
       5
       4
      10
       8
      11
      10
      12
       9
      11
      11
      13
      12
      10
       6
      12
      10
      16
      16
      11
      13
      10
       9
       6
      10
      14
       9
      20
       6
      13
      26
      21
      12
      14
      16
      19
      22
      11
      11
      15
       8
      17
       9
      18
      15
      11
      17
      10
      12
      11
       9
       8
      11
      11
       5
       9
      12
      21
      14
      13
       9
      10
      16
       8
       5
      19
       8
      18
      18
      10
      13
      13
      15
      13
      15
       3
      11
      12
      14
      11
      13
      15
      11
       8
      10
      12
      17
       8
      13
       9
      13
      14
      15
      16
      12
      14
      14
       7
      12
      14
      18
      14
      10
       9
      10
      12
      18
      13
      12
      17
      18
      14
      14
      19
      17
      13
      12
      21
      13
      14
      13
      10
      16
      13
      17
      12
      15
      19
      14
      10
      14
      14
      19
      12
      23
      18
      13
      20
      13
      18
      14
      17
      14
      14
      19
      19
      16
      21
      26
      26
      25
      18
      13
      16
      17
      24
      16
      19
      13
      16
      13
      16
      14
      14
      16
      17
      19
      26
      22
      18
      24
      18
      31
      28
      32
      29
      15
      27
      34
      27
      23
      42
      26
      32
      39
      40
      38
      54
      59
      50
      52
      72
      58
      72
      55
      72
      80
      69
      74
      98
     114
      96
      96
     106
      77
     104
      66
      74
      68
      62
      43
      47
      31
      32
      25
      23
      29
      28
      33
      29
      30
      40
      28
      41
      46
      42
      30
      42
      42
      33
      38
      37
      41
      39
      30
      37
      38
      28
      27
      31
      43
      37
      37
      41
      39
      52
      35
      39
      48
      61
      41
      46
      49
      56
      51
      55
      69
      55
      49
      62
      65
      54
      58
      51
      65
      55
      63
      58
      65
      64
      75
      69
      68
      89
      85
      93
     128
     182
     185
     225
     214
     222
     213
     221
     304
     366
     516
     557
     660
     662
     658
     607
     659
     712
     885
     957
    1078
    1163
    1214
    1233
    1310
    1355
    1369
    1400
    1322
    1293
    1170
     949
     807
     664
     493
     432
     280
     187
     172
     106
      84
      80
     104
      96
      66
      59
      49
      64
      60
      73
      92
     166
     173
     201
     176
     185
     223
     278
     345
     404
     467
     394
     377
     360
     359
     347
     315
     345
     344
     320
     314
     273
     245
     189
     200
     201
     191
     153
     145
     103
     104
      87
      83
      78
      65
      43
      49
      40
      33
      28
      20
      19
      22
      16
      20
      11
      18
      16
       8
      20
      23
      22
      32
      34
      40
      52
      34
      50
      40
      27
      33
      23
      24
      32
      24
      23
      24
      15
      19
      12
      11
      14
      10
      10
       4
      11
       6
       5
       4
       5
       3
      17
       5
      10
       3
       6
       6
       4
       7
       4
       2
       3
       3
       4
       0
       3
       1
       1
       0
       2
       2
       2
       0
       1
       0
       0
       0
       0
       0
       2
       0
       0
       0
       1
       0
       0
       0
       0
       0
       0
       1
       1
       0
       0
       0
       0
       0
       0
       0
       0
       0
       1
       0
       0
       0
       0
       0
       0
       0
       0
       0
       0
       0
       0
       0
       0
       0
       0
       0
       0
       0
       0
       0
       0
       0
       0
       0
       0
       0
       0
       0
       0
       0
       0
       0
       0
       0
       0
       0
       0
       0
       0
       0
       0
       0
       0
       0
       0
       0
       0
       0
       0
       0
       0
       0
       0
       0
       0
       0
       0
       0
       0
       0
       0
       0
       0
       0
       0
       0
       0
       0
       0
       0
       0
       0
       0
       0
       0
       0
       0
       0
       0
       0
       0
       0
       0
       0
       0
       0
       0
       0
       0
       0
       0
       0
       0
       0
       0
       0
       0
       0
       0
       0
       0
       0
       0
       0
       0
       0
       0
       0
       0
       0
       0
       0
       0
       0
       0
       0
       0
       0
       0
       0
       0
       0
       0
       0
       0
       0
       0
       0
       0
       0
       0
       0
       0
       0
       0
       0
       0
       0
       0
       0
       0
       0
       0
       0
       0
       0
       0
       0
       0
       0
       0
       0
       0
       0
       0
       0
       0
       0
       0
       0
       0
       0
       0
       0
       0
       0
       0
       0
       0
       0
       0
       0
       0
       0
       0
       0
       0
       0
       0
       0
       0
       0
       0
       0
       0
       0
       0
       0
       0
       0
       0
       0
       0
       0
       0
       0
       0
       0
       0
       0
       0
       0
       0
       0
       0
       0
       0
       0
       0
       0
       0
       0
       0
       0
       0
       0
       0
       0
       0
       0
       0
       0
       0
       0
       0
       0
       0
       0
       0
       0
       0
       0
       0
       0
       0
       0
       0
       0
       0
       0
       0
       0
       0
       0
       0
       0
       0
       0
       0
       0
       0
       0
       0
       0
       0
       0
       0
       0
       0
       0
       0
       0
       0
       0
       0
       0
       0
       0
       0
       0
       0
       0
       0
       0
       0
       0
       0
       0
       0
       0
       0
       0
       0
       0
       0
       0
       0
       0
       0
       0
       0
       0
       0
       0
       0
       0
       0
       0
       0
       0
       0
       0
       0
       0
       0
       0
       0
       0
       0
       0
       0
       0
       0
       0
       0
       0
       0
       0
       0
       0
       0
       0
       0
       0
       0
       0
       0
       0
       0
       0
       0
       0
       0
       0
       0
       0
       0
       0
       0
       0
       0
       0
       0
       0
       0
       0
       0
       0
       0
       0
       0
       0
       0
       0
       0
       0
       0
       0
       0
       0
       0
       0
       0
       0
       0
       0
       0
       0
       0
       0
       0
       0
       0
       0
       0
       0
       0
       0
       0
       0
       0
       0
       0
       0
       0
       0
       0
       0
       0
       0
       0
       0
       0
       0
       0
       0
       0
       0
       0
       0
       0
       0
       0
       0
       0
       0
       0
       0
       0
       0
       0
       0
       0
       0
       0
       0
       0
       0
       0
       0
       0
       0
       0
       0
       0
       0
       0
       0
       0
       0
       0
       0
       0
       0
       0
       0
       0
       0
       0
       0
       0
       0
       0
       0
       0
       0
       0
       0
       0
       0
       0
       0
       0
       0
       0
       0
       0
       0
       0
       0
       0
       0
       0
       0
       0
       0
       0
       0
       0
       0
       0
       0
       0
       0
       0
       0
       0
       0
       0
       0
       0
       0
       0
       0
       0
       0
       0
       0
       0
       0
       0
       0
       0
       0
       0
       0
       0
       0
       0
       0
       0
       0
       0
       0
       0
       0
       0
       0
       0
       0
       0
       0
       0
       0
       0
       0
       0
       0
       0
       0
       0
       0
       0
       0
       0
       0
       0
       0
       0
       0
       0
       0
       0
       0
       0
       0
       0
       0
       0
       0
       0
       0
       0
       0
       0
       0
       0
       0
       0
       0
       0
       0
       0
       0
       0
       0
       0
       0
       0
       0
       0
       0
       0
       0
       0
       0
       0
       0
       0
       0
       0
       0
       0
       0
       0
       0
       0
       0
       0
       0
       0
       0
       0
       0
       0
       0
       0
       0
       0
       0
       0
       0
       0
       0
       0
       0
       0
       0
       0
       0
       0
       0
       0
       0
       0
       0
       0
       0
       0
       0
       0
       0
       0
       0
       0
       0
       0
       0
       0
       0
       0
       0
       0
       0
       0
       0
       0
       0
       0
       0
       0
       0
       0
       0
       0
       0
       0
       0
       0
       0
       0
       0
       0
       0
       0
       0
       0
       0
       0
       0
       0
       0
       0
       0
       0
       0
       0
       0
       0
       0
       0
       0
       0
       0
       0
       0
       0
       0
       0
       0
       0
       0
       0
       0
       0
       0
       0
       0
       0
       0
       0
       0
       0
       0
       0
       0
       0
       0
       0
       0
       0
       0
       0
       0
       0
       0
       0
       0
       0
       0
       0
       0
       0
       0
       0
       0
       0
       0
       0
       0
       0
       0
       0
       0
       0
       0
       0
       0
       0
       0
       0
       0
       0
       0
       0
       0
       0
       0
       0
       0
       0
       0
       0
       0
       0
       0
       0
       0
       0
       0
       0
       0
       0
       0
       0
       0
       0
       0
       0
       0
       0
       0
       0
       0
       0
       0
       0
       0
       0
       0
       0
       0
       0
       0
       0
       0
       0
       0
       0
       0
       0
       0
       0
       0
       0
       0
       0
       0
       0
       0
       0
       0
       0
       0
       0
       0
       0
       0
       0
       0
       0
       0
       0
       0
       0
       0
       0
       0
       0
       0
       0
       0
       0
       0
       0
       0
       0
       0
       0
       0
       0
       0
       0
       0
       0
       0
       0
       0
       0
       0
       0
       0
       0
       0
       0
       0
       0
       0
       0
       0
       0
       0
       0
       0
       0
       0
       0
       0
       0
       0
       0
       0
       0
       0
       0
       0
       0
       0
       0
       0
       0
       0
       0
       0
       0
       0
       0
       0
       0
       0
       0
       0
       0
       0
       0
       0
       0
       0
       0
       0
       0
       0
       0
       0
       0
       0
       0
       0
       0
       0
       0
       0
       0
       0
       0
       0
       0
       0
       0
       0
       0
       0
       0
       0
       0
       0
       0
       0
       0
       0
       0
       0
       0
       0
       0
       0
       0
       0
       0
       0
       0
       0
       0
       0
       0
       0
       0
       0
       0
       0
       0
       0
       0
       0
       0
       0
       0
       0
       0
       0
       0
       0
       0
       0
       0
       0
       0
       0
       0
       0
       0
       0
       0
       0
       0
       0
       0
       0
       0
       0
       0
       0
       0
       0
       0
       0
       0
       0
       0
       0
       0
       0
       0
       0
       0
       0
       0
       0
       0
       0
       0
       0
       0
       0
       0
       0
       0
       0
       0
       0
       0
       0
       0
       0
       0
       0
       0
       0
       0
       0
       0
       0
       0
       0
       0
       0
       0
       0
       0
       0
       0
       0
       0
       0
       0
       0
       0
       0
       0
       0
       0
       0
       0
       0
       0
       0
       0
       0
       0
       0
       0
       0
       0
       0
       0
       0
       0
       0
       0
       0
       0
       0
       0
       0
       0
       0
       0
       0
       0
       0
       0
       0
       0
       0
       0
       0
       0
       0
       0
       0
       0
       0
       0
       0
       0
       0
       0
       0
       0
       0
       0
       0
       0
       0
       0
       0
       0
       0
       0
       0
       0
       0
       0
       0
       0
       0
       0
       0
       0
       0
       0
       0
       0
       0
       0
       0
       0
       0
       0
       0
       0
       0
       0
       0
       0
       0
       0
       0
       0
       0
       0
       0
       0
       0
       0
       0
       0
       0
       0
       0
       0
       0
       0
       0
       0
       0
       0
       0
       0
       0
       0
       0
       0
       0
       0
       0
       0
       0
       0
       0
       0
       0
       0
       0
       0
       0
       0
       0
       0
       0
       0
       0
       0
       0
       0
       0
       0
       0
       0
       0
       0
       0
       0
       0
       0
       0
$ROI:
0
$PRESETS:
Live Time
1800
0
$ENER_FIT:
-0.224999 0.029000
$MCA_CAL:
3
-2.249987E-001 2.900000E-002 0.000000E+000 keV
$SHAPE_CAL:
3
0.000000E+000 0.000000E+000 0.000000E+000
