$SPEC_ID:
Fe-55 sample
$SPEC_REM:
DET# 1
DETDESC# DESKTOP-SOU5NOG Easy-MCA-2k SN 14127175
AP# Maestro Version 7.01
$DATE_MEA:
02/22/2023 14:30:40
$MEAS_TIM:
1867 1889
$DATA:
0 2047
       0
       0
       0
     365
     359
      32
      87
     292
     183
     187
     168
      77
      33
      21
       9
       4
       2
       4
       3
       0
       3
       5
       1
       4
       5
       1
       3
       6
       7
       3
       3
       7
       4
       9
       6
       9
       6
       1
       7
       6
       4
       8
       8
      10
       4
       7
       6
       7
       5
      13
      20
       7
      15
      13
      14
      19
      13
      13
      15
      15
       7
      21
      22
      22
      24
      25
      27
      19
      25
      23
      32
      30
      21
      15
      37
      26
      45
      33
      28
      27
      39
      28
      45
      29
      40
      37
      43
      38
      42
      43
      47
      32
      41
      39
      45
      52
      41
      48
      36
      39
      45
      38
      40
      54
      43
      53
      62
      62
      48
      66
      56
      44
      48
      55
      68
      49
      52
      48
      50
      68
      57
      46
      52
      48
      60
      47
      61
      62
      41
      56
      55
      46
      51
      63
      50
      63
      45
      59
      44
      54
      69
      45
      65
      48
      50
      53
      55
      42
      56
      64
      63
      43
      63
      66
      61
      45
      58
      43
      55
      51
      73
      57
      59
      60
      50
      67
      56
      44
      55
      51
      75
      63
      61
      56
      60
      70
      55
      63
      41
      57
      55
      54
      49
      49
      57
      68
      62
      65
      57
      57
      50
      53
      58
      53
      64
      55
      62
      52
      66
      62
      44
      60
      57
      65
      58
      47
      48
      54
      56
      66
      56
      71
      61
      59
      67
      53
      60
      60
      53
      85
      64
      69
      54
      51
      64
      57
      61
      63
      61
      60
      71
      77
      77
      72
      59
      63
      71
      69
      67
      66
      71
      84
      64
      55
      52
      62
      70
      74
      62
      65
      61
      63
      78
      81
      68
      74
      72
      74
      62
      66
      60
      82
      72
      72
      81
      87
      77
      98
     113
      95
      99
      92
      76
      83
      73
      82
      74
      79
      81
      69
      69
      76
      72
      70
      99
      86
     102
      98
     100
      96
     100
     105
     102
      97
     100
     108
     114
     127
     158
     198
     258
     290
     359
     367
     386
     434
     484
     439
     429
     375
     327
     267
     234
     187
     159
     137
     133
     110
     131
     123
     120
     124
     116
     126
     140
     138
     146
     170
     153
     166
     155
     175
     212
     228
     245
     296
     366
     496
     697
     988
    1351
    1825
    2543
    3332
    4007
    4742
    5485
    6124
    6580
    6842
    7024
    6786
    6039
    5245
    4302
    3162
    2198
    1408
     900
     576
     361
     257
     216
     166
     167
     167
     199
     205
     207
     255
     228
     241
     269
     246
     259
     188
     213
     187
     181
     192
     139
     151
     134
     134
     132
     152
     133
     132
     170
     136
     157
     197
     250
     322
     313
     393
     455
     498
     593
     759
     860
    1040
    1341
    1658
    2014
    2359
    2809
    3057
    3412
    3855
    4005
    4387
    4562
    4585
    4526
    4418
    4014
    3448
    3063
    2503
    2008
    1659
    1329
    1079
     790
     577
     419
     321
     275
     231
     215
     187
     151
     159
     161
     150
     109
     104
     101
      93
      85
      82
      89
      69
      76
      76
      50
      68
      64
      63
      46
      47
      60
      65
      50
      72
      52
      51
      51
      49
      58
      61
      47
      67
      63
      76
      82
      96
     108
     120
     134
     162
     188
     230
     269
     252
     283
     300
     352
     355
     414
     449
     456
     433
     473
     405
     401
     358
     299
     265
     204
     190
     178
     158
     162
     152
     165
     151
     146
     127
     125
     112
      81
      68
      69
      40
      44
      34
      47
      27
      51
      34
      44
      42
      47
      53
      33
      40
      46
      36
      31
      35
      23
      32
      35
      34
      28
      16
      34
      30
      29
      27
      32
      20
      21
      19
      37
      27
      16
      23
      28
      30
      24
      29
      22
      26
      32
      41
      29
      26
      22
      22
      20
      20
      26
      29
      30
      28
      27
      24
      31
      28
      29
      24
      27
      26
      28
      26
      24
      29
      32
      18
      26
      31
      25
      21
      27
      31
      30
      27
      39
      42
      27
      31
      25
      28
      27
      35
      37
      38
      39
      37
      35
      27
      34
      32
      54
      34
      35
      45
      43
      42
      53
      60
      70
      65
      71
      66
      66
      52
      51
      46
      36
      56
      49
      52
      69
      75
      95
      79
      94
      82
      75
      69
      68
      41
      38
      40
      42
      45
      24
      30
      40
      33
      36
      43
      30
      39
      40
      32
      40
      35
      35
      34
      29
      36
      45
      47
      53
      43
      48
      47
      50
      41
      52
      37
      47
      53
      40
      47
      41
      39
      48
      35
      42
      50
      42
      51
      53
      65
      38
      47
      42
      37
      43
      34
      39
      36
      33
      29
      39
      31
      31
      30
      27
      30
      31
      34
      35
      32
      33
      35
      37
      30
      37
      35
      48
      42
      40
      39
      40
      26
      29
      21
      21
      19
      30
      25
      26
      27
      16
      19
      13
      28
      23
      13
      27
      31
      29
      21
      14
      15
      17
      27
      26
      25
      18
      18
      14
      14
      20
      13
      21
      18
      24
      54
      88
      45
      21
      17
      13
       7
       7
      22
      15
      12
      11
       8
       7
       9
       7
      12
       9
       7
      16
       7
      15
      18
       9
       5
       5
       6
       8
     246
     104
      12
       4
       0
       0
       0
       0
       0
       0
       0
       0
       0
       1
       1
       0
       0
       0
       0
       0
       0
       1
       0
       0
       0
       0
       0
       0
       0
       0
       0
       1
       1
       1
       0
       0
       0
       0
       0
       0
       1
       0
       0
       0
       0
       0
       0
       0
       0
       0
       0
       0
       0
       0
       0
       0
       1
       0
       0
       0
       0
       0
       0
       0
       0
       0
       0
       1
       1
       0
       0
       0
       0
       0
       1
       1
       0
       0
       0
       0
       0
       0
       0
       0
       0
       0
       0
       0
       0
       0
       0
       2
       0
       0
       0
       0
       0
       0
       0
       0
       0
       0
       0
       0
       1
       0
       0
       0
       0
       0
       0
       0
       0
       0
       0
       0
       0
       0
       0
       0
       0
       0
       0
       0
       0
       0
       0
       0
       0
       0
       0
       0
       0
       0
       0
       0
       0
       0
       0
       0
       0
       0
       0
       0
       0
       0
       0
       0
       0
       0
       0
       0
       0
       0
       0
       0
       0
       0
       0
       0
       0
       0
       0
       0
       0
       0
       0
       0
       0
       0
       0
       0
       0
       0
       0
       0
       0
       0
       0
       0
       0
       0
       0
       0
       0
       0
       0
       0
       0
       0
       0
       0
       0
       0
       0
       0
       0
       0
       0
       0
       0
       0
       0
       0
       0
       0
       0
       0
       0
       0
       0
       0
       0
       0
       0
       0
       0
       0
       0
       0
       0
       0
       0
       0
       0
       0
       0
       0
       0
       0
       0
       0
       0
       0
       0
       0
       0
       0
       0
       0
       0
       0
       0
       0
       0
       0
       0
       0
       0
       0
       0
       0
       0
       0
       0
       0
       0
       0
       0
       0
       0
       0
       0
       0
       0
       0
       0
       0
       0
       0
       0
       0
       0
       0
       0
       0
       0
       0
       0
       0
       0
       0
       0
       0
       0
       0
       0
       0
       0
       0
       0
       0
       0
       0
       0
       0
       0
       0
       0
       0
       0
       0
       0
       0
       0
       0
       0
       0
       0
       0
       0
       0
       0
       0
       0
       0
       0
       0
       0
       0
       0
       0
       0
       0
       0
       0
       0
       0
       0
       0
       0
       0
       0
       0
       0
       0
       0
       0
       0
       0
       0
       0
       0
       0
       0
       0
       0
       0
       0
       0
       0
       0
       0
       0
       0
       0
       0
       0
       0
       0
       0
       0
       0
       0
       0
       0
       0
       0
       0
       0
       0
       0
       0
       0
       0
       0
       0
       0
       0
       0
       0
       0
       0
       0
       0
       0
       0
       0
       0
       0
       0
       0
       0
       0
       0
       0
       0
       0
       0
       0
       0
       0
       0
       0
       0
       0
       0
       0
       0
       0
       0
       0
       0
       0
       0
       0
       0
       0
       0
       0
       0
       0
       0
       0
       0
       0
       0
       0
       0
       0
       0
       0
       0
       0
       0
       0
       0
       0
       0
       0
       0
       0
       0
       0
       0
       0
       0
       0
       0
       0
       0
       0
       0
       0
       0
       0
       0
       0
       0
       0
       0
       0
       0
       0
       0
       0
       0
       0
       0
       0
       0
       0
       0
       0
       0
       0
       0
       0
       0
       0
       0
       0
       0
       0
       0
       0
       0
       0
       0
       0
       0
       0
       0
       0
       0
       0
       0
       0
       0
       0
       0
       0
       0
       0
       0
       0
       0
       0
       0
       0
       0
       0
       0
       0
       0
       0
       0
       0
       0
       0
       0
       0
       0
       0
       0
       0
       0
       0
       0
       0
       0
       0
       0
       0
       0
       0
       0
       0
       0
       0
       0
       0
       0
       0
       0
       0
       0
       0
       0
       0
       0
       0
       0
       0
       0
       0
       0
       0
       0
       0
       0
       0
       0
       0
       0
       0
       0
       0
       0
       0
       0
       0
       0
       0
       0
       0
       0
       0
       0
       0
       0
       0
       0
       0
       0
       0
       0
       0
       0
       0
       0
       0
       0
       0
       0
       0
       0
       0
       0
       0
       0
       0
       0
       0
       0
       0
       0
       0
       0
       0
       0
       0
       0
       0
       0
       0
       0
       0
       0
       0
       0
       0
       0
       0
       0
       0
       0
       0
       0
       0
       0
       0
       0
       0
       0
       0
       0
       0
       0
       0
       0
       0
       0
       0
       0
       0
       0
       0
       0
       0
       0
       0
       0
       0
       0
       0
       0
       0
       0
       0
       0
       0
       0
       0
       0
       0
       0
       0
       0
       0
       0
       0
       0
       0
       0
       0
       0
       0
       0
       0
       0
       0
       0
       0
       0
       0
       0
       0
       0
       0
       0
       0
       0
       0
       0
       0
       0
       0
       0
       0
       0
       0
       0
       0
       0
       0
       0
       0
       0
       0
       0
       0
       0
       0
       0
       0
       0
       0
       0
       0
       0
       0
       0
       0
       0
       0
       0
       0
       0
       0
       0
       0
       0
       0
       0
       0
       0
       0
       0
       0
       0
       0
       0
       0
       0
       0
       0
       0
       0
       0
       0
       0
       0
       0
       0
       0
       0
       0
       0
       0
       0
       0
       0
       0
       0
       0
       0
       0
       0
       0
       0
       0
       0
       0
       0
       0
       0
       0
       0
       0
       0
       0
       0
       0
       0
       0
       0
       0
       0
       0
       0
       0
       0
       0
       0
       0
       0
       0
       0
       0
       0
       0
       0
       0
       0
       0
       0
       0
       0
       0
       0
       0
       0
       0
       0
       0
       0
       0
       0
       0
       0
       0
       0
       0
       0
       0
       0
       0
       0
       0
       0
       0
       0
       0
       0
       0
       0
       0
       0
       0
       0
       0
       0
       0
       0
       0
       0
       0
       0
       0
       0
       0
       0
       0
       0
       0
       0
       0
       0
       0
       0
       0
       0
       0
       0
       0
       0
       0
       0
       0
       0
       0
       0
       0
       0
       0
       0
       0
       0
       0
       0
       0
       0
       0
       0
       0
       0
       0
       0
       0
       0
       0
       0
       0
       0
       0
       0
       0
       0
       0
       0
       0
       0
       0
       0
       0
       0
       0
       0
       0
       0
       0
       0
       0
       0
       0
       0
       0
       0
       0
       0
       0
       0
       0
       0
       0
       0
       0
       0
       0
       0
       0
       0
       0
       0
       0
       0
       0
       0
       0
       0
       0
       0
       0
       0
       0
       0
       0
       0
       0
       0
       0
       0
       0
       0
       0
       0
       0
       0
       0
       0
       0
       0
       0
       0
       0
       0
       0
       0
       0
       0
       0
       0
       0
       0
       0
       0
       0
       0
       0
       0
       0
       0
       0
       0
       0
       0
       0
       0
       0
       0
       0
       0
       0
       0
       0
       0
       0
       0
       0
       0
       0
       0
       0
       0
       0
       0
       0
       0
       0
       0
       0
       0
       0
       0
       0
       0
       0
       0
       0
       0
       0
       0
       0
       0
       0
       0
       0
       0
       0
       0
       0
       0
       0
       0
       0
       0
       0
       0
       0
       0
       0
       0
       0
       0
       0
       0
       0
       0
       0
       0
       0
       0
       0
       0
       0
       0
       0
       0
       0
       0
       0
       0
       0
       0
       0
       0
       0
       0
       0
       0
       0
       0
       0
       0
       0
       0
       0
       0
       0
       0
       0
       0
       0
       0
       0
       0
       0
       0
       0
       0
       0
       0
       0
       0
       0
       0
       0
       0
       0
       0
       0
       0
       0
       0
       0
       0
       0
       0
       0
       0
       0
       0
       0
       0
       0
       0
       0
       0
       0
       0
       0
       0
       0
       0
       0
       0
       0
       0
       0
       0
       0
       0
       0
       0
       0
       0
       0
       0
       0
       0
       0
       0
       0
       0
       0
       0
       0
       0
       0
       0
       0
       0
       0
       0
       0
       0
       0
       0
       0
       0
       0
       0
       0
       0
       0
       0
       0
       0
       0
       0
       0
       0
       0
       0
       0
       0
       0
       0
       0
       0
       0
       0
       0
       0
       0
       0
       0
       0
       0
       0
       0
       0
       0
       0
       0
       0
       0
       0
       0
       0
       0
       0
       0
       0
       0
       0
       0
       0
       0
       0
       0
       0
       0
       0
       0
       0
       0
       0
       0
       0
       0
       0
       0
       0
       0
       0
       0
       0
       0
       0
       0
       0
       0
       0
       0
       0
       0
       0
       0
       0
       0
       0
       0
       0
       0
       0
       0
       0
       0
       0
       0
       0
       0
       0
       0
       0
       0
       0
       0
       0
       0
       0
       0
       0
       0
       0
       0
       0
       0
       0
       0
       0
       0
       0
       0
       0
       0
       0
       0
       0
       0
       0
       0
       0
$ROI:
0
$PRESETS:
Live Time
3600
0
$ENER_FIT:
-0.224999 0.029000
$MCA_CAL:
3
-2.249987E-001 2.900000E-002 0.000000E+000 keV
$SHAPE_CAL:
3
0.000000E+000 0.000000E+000 0.000000E+000
