$SPEC_ID:
Fe-55 sample
$SPEC_REM:
DET# 1
DETDESC# DESKTOP-SOU5NOG Easy-MCA-2k SN 14127175
AP# Maestro Version 7.01
$DATE_MEA:
02/01/2023 15:02:17
$MEAS_TIM:
791 800
$DATA:
0 2047
       0
       0
       0
     224
     117
      12
      44
     125
      70
      80
      52
      15
      10
       6
       3
       3
       3
       2
       1
       3
       3
       1
       0
       3
       2
       0
       3
       3
       3
       2
       1
       3
       1
       2
       2
       3
       7
       1
       2
       3
       0
       2
       5
       4
       2
       6
       5
       1
       5
       2
       5
       7
       5
       4
       2
       7
       8
       6
       9
       5
      16
       5
      12
      12
      13
       8
       8
       9
      10
      10
      13
      18
      15
      16
      16
      16
      19
      17
      15
      16
      15
      21
      15
      18
      15
      14
       8
      16
      17
      19
      19
      27
      25
      11
      17
      18
      21
      11
      15
      23
      24
      23
      16
      14
      16
      27
      25
      22
      22
      20
      19
      17
      28
      15
      26
      18
      24
      17
      18
      21
      22
      18
      20
      19
      19
      16
      23
      31
      28
      17
      25
      18
      26
      24
      16
      18
      15
      21
      24
      16
      27
      30
      15
      23
      20
      25
      17
      24
      25
      22
      19
      24
      23
      23
      20
      23
      27
      26
      21
      23
      20
      20
      32
      25
      16
      22
      20
      18
      33
      33
      26
      22
      28
      27
      36
      18
      27
      27
      21
      22
      16
      23
      26
      14
      30
      18
      19
      29
      28
      24
      21
      26
      30
      17
      18
      14
      17
      27
      18
      22
      28
      19
      23
      21
      24
      30
      22
      31
      25
      33
      32
      18
      24
      25
      27
      27
      32
      33
      29
      36
      27
      30
      31
      28
      25
      32
      28
      22
      20
      18
      26
      27
      16
      31
      25
      26
      30
      32
      35
      23
      26
      29
      22
      25
      25
      33
      41
      27
      24
      32
      26
      33
      21
      27
      29
      33
      28
      43
      45
      29
      21
      30
      31
      30
      20
      33
      34
      30
      42
      36
      30
      28
      37
      37
      42
      32
      36
      37
      49
      37
      43
      36
      55
      61
      57
      78
      74
     115
     134
     163
     176
     166
     148
     158
     144
     141
     108
      90
      82
      95
      75
      59
      76
      63
      65
      54
      57
      59
      60
      67
      64
      62
      60
      68
      75
      92
      84
      82
      82
     117
     130
     169
     222
     307
     469
     689
     998
    1348
    1778
    2292
    2460
    2662
    2519
    2383
    2272
    1939
    1623
    1377
    1217
    1024
     839
     667
     633
     504
     470
     430
     366
     335
     297
     224
     216
     171
     154
     135
     105
      97
      92
      90
      71
      73
      75
      77
      66
      74
      66
      70
      61
      77
      77
      90
      73
      87
      73
      90
     104
     125
     122
     179
     198
     239
     283
     329
     418
     547
     666
     867
    1080
    1335
    1497
    1632
    1726
    1632
    1600
    1578
    1461
    1345
    1251
    1130
     973
     919
     786
     634
     642
     520
     482
     436
     417
     362
     328
     242
     246
     206
     183
     147
     110
     107
      97
      74
      55
      49
      47
      50
      44
      45
      42
      43
      42
      35
      31
      31
      25
      23
      34
      23
      28
      33
      25
      37
      39
      30
      34
      22
      39
      45
      46
      36
      43
      51
      61
     106
     103
     141
     152
     172
     171
     163
     157
     157
     107
     105
     101
     129
     131
     129
      92
      99
     110
      89
      96
      69
      62
      59
      51
      53
      47
      44
      51
      55
      33
      39
      32
      31
      28
      24
      20
      25
      20
      23
      21
      28
      10
      15
      24
      18
      14
      13
      10
      12
      15
      17
      16
       9
      15
      17
      12
      12
      21
       6
       7
      14
       8
       6
       5
      11
      15
      17
      11
       8
      14
      17
       8
      12
      13
      11
       6
       7
      12
       7
      12
      13
       9
       8
      16
       8
       9
      11
       9
      14
      16
      19
       7
      17
      10
      17
      14
      20
       8
      20
      11
      22
      23
      15
      19
      20
      19
      14
      14
      23
      19
      23
      26
      35
      50
      48
      36
      24
      26
      15
      19
      12
      12
      18
      15
      18
      27
      20
      23
      20
      26
      17
      25
      21
      17
      20
      17
      26
      22
      17
      26
      10
      23
      20
      16
      19
      28
      29
      19
      23
      17
      18
      20
      14
       9
      17
      22
      18
      17
      18
      17
      14
      19
      19
      18
      22
      16
      20
      30
      27
      24
      18
      19
      22
      11
      15
      12
       9
      15
      11
      12
      13
      15
      13
      14
      13
      12
       9
       7
      16
       6
       7
      14
      28
      15
       9
      13
      10
       9
      10
       6
      10
       9
       7
       8
       5
       5
       8
      10
       9
      15
       8
       8
       8
       6
       9
      12
       6
       5
       7
       6
      35
      88
       8
       6
       4
       1
       1
       7
       5
       4
       7
       5
       2
       8
       5
       4
       3
       4
       3
       5
       6
       7
       7
       8
      12
       5
       4
       4
       7
       6
       3
       4
       1
       3
       4
       3
       2
       2
       1
       0
       1
       1
       1
       4
       0
       2
       0
       2
       2
       1
       0
       3
       2
       1
       2
       0
       0
       2
       2
       2
       2
       1
       1
       1
       2
       2
       1
       2
       1
       2
       2
       0
       2
       1
       0
       1
       1
       0
       0
       0
       0
       1
       0
       1
       0
       0
       0
       0
       0
       0
       0
       2
       0
       0
       0
       0
       1
       0
       0
       1
       0
       0
       0
       0
       0
       0
       1
       0
       0
       1
       0
       0
       0
       0
       0
       0
       0
       0
       0
       0
       0
       0
       0
       1
       0
       0
       0
       0
       0
       0
       0
       0
       1
       0
       0
       1
       0
       0
       0
       0
       0
       0
       0
       0
       0
       0
       0
       0
       0
       0
       0
       0
       0
       0
       0
       0
       0
       0
       0
       0
       0
       0
       0
       0
       0
       0
       0
       0
       0
       0
       0
       0
       0
       0
       0
       0
       0
       0
       0
       0
       0
       0
       0
       0
       0
       0
       0
       0
       0
       0
       0
       0
       0
       0
       0
       0
       0
       0
       0
       0
       0
       0
       0
       0
       0
       0
       0
       0
       0
       0
       0
       0
       0
       0
       0
       0
       0
       0
       0
       0
       0
       0
       0
       0
       0
       1
       0
       0
       0
       0
       0
       0
       0
       0
       0
       0
       0
       0
       0
       0
       0
       0
       0
       0
       0
       0
       0
       0
       0
       0
       0
       0
       0
       0
       0
       0
       0
       0
       0
       0
       0
       0
       0
       0
       0
       0
       0
       0
       0
       0
       0
       0
       0
       0
       0
       0
       0
       0
       0
       0
       0
       0
       0
       0
       0
       0
       0
       0
       0
       0
       0
       0
       0
       0
       0
       0
       0
       0
       0
       0
       0
       0
       0
       0
       0
       0
       0
       0
       0
       0
       0
       0
       0
       0
       0
       0
       0
       0
       0
       0
       0
       0
       0
       0
       0
       0
       0
       0
       0
       0
       0
       0
       0
       0
       0
       0
       0
       0
       0
       0
       0
       0
       0
       0
       0
       0
       0
       0
       0
       0
       0
       0
       0
       0
       0
       0
       0
       0
       0
       0
       0
       0
       0
       0
       0
       0
       0
       0
       0
       0
       0
       0
       0
       0
       0
       0
       0
       0
       0
       0
       0
       0
       0
       0
       0
       0
       0
       0
       0
       0
       0
       0
       0
       0
       0
       0
       0
       0
       0
       0
       0
       0
       0
       0
       0
       0
       0
       0
       0
       0
       0
       0
       0
       0
       0
       0
       0
       0
       0
       0
       0
       0
       0
       0
       0
       0
       0
       0
       0
       0
       0
       0
       0
       0
       0
       0
       0
       0
       0
       0
       0
       0
       0
       0
       0
       0
       0
       0
       0
       0
       0
       0
       0
       0
       0
       0
       0
       0
       0
       0
       0
       0
       0
       0
       0
       0
       0
       0
       0
       0
       0
       0
       0
       0
       0
       0
       0
       0
       0
       0
       0
       0
       0
       0
       0
       0
       0
       0
       0
       0
       0
       0
       0
       0
       0
       0
       0
       0
       0
       0
       0
       0
       0
       0
       0
       0
       0
       0
       0
       0
       0
       0
       0
       0
       0
       0
       0
       0
       0
       0
       0
       0
       0
       0
       0
       0
       0
       0
       0
       0
       0
       0
       0
       0
       0
       0
       0
       0
       0
       0
       0
       0
       0
       0
       0
       0
       0
       0
       0
       0
       0
       0
       0
       0
       0
       0
       0
       0
       0
       0
       0
       0
       0
       0
       0
       0
       0
       0
       0
       0
       0
       0
       0
       0
       0
       0
       0
       0
       0
       0
       0
       0
       0
       0
       0
       0
       0
       0
       0
       0
       0
       0
       0
       0
       0
       0
       0
       0
       0
       0
       0
       0
       0
       0
       0
       0
       0
       0
       0
       0
       0
       0
       0
       0
       0
       0
       0
       0
       0
       0
       0
       0
       0
       0
       0
       0
       0
       0
       0
       0
       0
       0
       0
       0
       0
       0
       0
       0
       0
       0
       0
       0
       0
       0
       0
       0
       0
       0
       0
       0
       0
       0
       0
       0
       0
       0
       0
       0
       0
       0
       0
       0
       0
       0
       0
       0
       0
       0
       0
       0
       0
       0
       0
       0
       0
       0
       0
       0
       0
       0
       0
       0
       0
       0
       0
       0
       0
       0
       0
       0
       0
       0
       0
       0
       0
       0
       0
       0
       0
       0
       0
       0
       0
       0
       0
       0
       0
       0
       0
       0
       0
       0
       0
       0
       0
       0
       0
       0
       0
       0
       0
       0
       0
       0
       0
       0
       0
       0
       0
       0
       0
       0
       0
       0
       0
       0
       0
       0
       0
       0
       0
       0
       0
       0
       0
       0
       0
       0
       0
       0
       0
       0
       0
       0
       0
       0
       0
       0
       0
       0
       0
       0
       0
       0
       0
       0
       0
       0
       0
       0
       0
       0
       0
       0
       0
       0
       0
       0
       0
       0
       0
       0
       0
       0
       0
       0
       0
       0
       0
       0
       0
       0
       0
       0
       0
       0
       0
       0
       0
       0
       0
       0
       0
       0
       0
       0
       0
       0
       0
       0
       0
       0
       0
       0
       0
       0
       0
       0
       0
       0
       0
       0
       0
       0
       0
       0
       0
       0
       0
       0
       0
       0
       0
       0
       0
       0
       0
       0
       0
       0
       0
       0
       0
       0
       0
       0
       0
       0
       0
       0
       0
       0
       0
       0
       0
       0
       0
       0
       0
       0
       0
       0
       0
       0
       0
       0
       0
       0
       0
       0
       0
       0
       0
       0
       0
       0
       0
       0
       0
       0
       0
       0
       0
       0
       0
       0
       0
       0
       0
       0
       0
       0
       0
       0
       0
       0
       0
       0
       0
       0
       0
       0
       0
       0
       0
       0
       0
       0
       0
       0
       0
       0
       0
       0
       0
       0
       0
       0
       0
       0
       0
       0
       0
       0
       0
       0
       0
       0
       0
       0
       0
       0
       0
       0
       0
       0
       0
       0
       0
       0
       0
       0
       0
       0
       0
       0
       0
       0
       0
       0
       0
       0
       0
       0
       0
       0
       0
       0
       0
       0
       0
       0
       0
       0
       0
       0
       0
       0
       0
       0
       0
       0
       0
       0
       0
       0
       0
       0
       0
       0
       0
       0
       0
       0
       0
       0
       0
       0
       0
       0
       0
       0
       0
       0
       0
       0
       0
       0
       0
       0
       0
       0
       0
       0
       0
       0
       0
       0
       0
       0
       0
       0
       0
       0
       0
       0
       0
       0
       0
       0
       0
       0
       0
       0
       0
       0
       0
       0
       0
       0
       0
       0
       0
       0
       0
       0
       0
       0
       0
       0
       0
       0
       0
       0
       0
       0
       0
       0
       0
       0
       0
       0
       0
       0
       0
       0
       0
       0
       0
       0
       0
       0
       0
       0
       0
       0
       0
       0
       0
       0
       0
       0
       0
       0
       0
       0
       0
       0
       0
       0
       0
       0
       0
       0
       0
       0
       0
       0
       0
       0
       0
       0
       0
       0
       0
       0
       0
       0
       0
       0
       0
       0
       0
       0
       0
       0
       0
       0
       0
       0
       0
       0
       0
       0
       0
       0
       0
       0
       0
       0
       0
       0
       0
       0
       0
       0
       0
       0
       0
       0
       0
       0
       0
       0
       0
       0
       0
       0
       0
       0
       0
       0
       0
       0
       0
       0
       0
       0
       0
       0
       0
       0
       0
       0
       0
       0
       0
       0
       0
       0
       0
       0
       0
       0
       0
       0
       0
       0
       0
       0
       0
       0
       0
       0
       0
       0
       0
       0
       0
       0
       0
       0
       0
       0
       0
       0
       0
       0
       0
       0
       0
       0
       0
       0
       0
       0
       0
       0
       0
       0
       0
       0
       0
       0
       0
       0
       0
       0
       0
       0
       0
       0
       0
       0
       0
       0
       0
       0
       0
       0
       0
       0
       0
       0
       0
       0
       0
       0
       0
       0
       0
       0
       0
       0
       0
       0
       0
       0
       0
       0
       0
       0
       0
       0
       0
       0
       0
       0
       0
       0
       0
       0
       0
       0
       0
       0
       0
       0
       0
       0
       0
       0
       0
       0
       0
       0
       0
       0
       0
       0
       0
       0
       0
       0
       0
       0
       0
       0
       0
       0
       0
       0
       0
       0
       0
       0
       0
       0
       0
       0
       0
       0
       0
       0
       0
       0
       0
       0
       0
       0
       0
       0
       0
       0
       0
       0
       0
       0
       0
       0
       0
       0
       0
       0
       0
       0
       0
       0
       0
       0
       0
       0
       0
       0
       0
       0
       0
       0
       0
       0
       0
       0
       0
       0
       0
       0
       0
       0
       0
       0
       0
       0
       0
       0
       0
       0
       0
       0
       0
       0
       0
       0
       0
       0
       0
       0
       0
       0
       0
       0
       0
       0
       0
       0
       0
       0
       0
       0
       0
       0
       0
       0
       0
       0
       0
       0
       0
       0
       0
$ROI:
0
$PRESETS:
None
0
0
$ENER_FIT:
-0.224999 0.029000
$MCA_CAL:
3
-2.249987E-001 2.900000E-002 0.000000E+000 keV
$SHAPE_CAL:
3
0.000000E+000 0.000000E+000 0.000000E+000
