$SPEC_ID:
Fe-55 sample
$SPEC_REM:
DET# 1
DETDESC# DESKTOP-SOU5NOG Easy-MCA-2k SN 14127175
AP# Maestro Version 7.01
$DATE_MEA:
02/15/2023 15:12:01
$MEAS_TIM:
568 574
$DATA:
0 2047
       0
       0
       0
      97
      94
       7
      16
      92
      55
      55
      52
      29
      15
       4
       2
       2
       0
       1
       0
       1
       1
       0
       1
       0
       0
       0
       1
       2
       3
       3
       1
       1
       5
       1
       0
       1
       0
       2
       0
       1
       1
       5
       0
       1
       5
       3
       1
       2
       2
       1
       2
       1
       1
       2
       1
       2
       0
       1
       9
       6
       5
       2
       3
       5
       7
       8
      10
       3
       2
       1
       8
       7
       4
       9
       4
       6
       7
       5
      10
       9
      18
       7
       5
       8
       6
       9
       7
       9
       9
      10
      11
       8
       6
       7
      16
       7
       8
      13
      12
      13
      10
       9
      14
      11
       7
      12
      13
      11
      13
      19
      12
       9
      14
      12
      15
       9
      12
      13
      10
      15
       6
      13
      14
       9
      14
      17
      14
      14
      23
      20
      14
      21
       6
      13
      12
      13
      15
      12
      17
      11
      19
      12
      13
      11
      18
      12
      15
      17
      14
      10
      17
      14
      22
      15
      11
       9
      14
      12
       9
      15
      17
      11
       8
      14
      13
      12
      17
      17
      10
       8
      12
      19
      10
       9
      14
      14
      17
      15
      12
       6
      13
      15
       9
      17
      21
      22
      14
      13
      14
      12
      26
      17
      12
      16
      12
       8
      13
      18
      15
      16
      16
      17
       9
      14
      11
      23
      14
      15
      14
      17
      20
      16
       9
      15
      16
      11
      15
      23
      23
      12
      15
      16
      15
      15
      22
      11
      12
      10
      23
      23
      13
      16
      19
      14
      19
      22
      22
      17
      28
      26
      17
      11
      18
      14
      20
      18
      15
      15
      21
      15
      13
      18
      13
      25
      17
      14
      14
      15
      19
      17
      26
      16
      16
      15
      20
      18
      23
      19
      16
      22
      21
      17
      18
      15
      30
      29
      36
      32
      18
      22
      21
      21
      21
      21
      16
      12
      21
      26
      18
      22
      29
      24
      36
      21
      28
      42
      34
      34
      35
      30
      41
      35
      18
      23
      27
      36
      45
      59
      67
      94
     107
     120
     136
     116
     123
     117
      77
      89
      54
      57
      55
      47
      41
      32
      37
      32
      37
      38
      32
      38
      40
      28
      38
      44
      32
      37
      45
      43
      40
      34
      52
      51
      56
      63
      86
     104
     140
     196
     278
     397
     596
     797
    1024
    1308
    1517
    1758
    1854
    1875
    1759
    1642
    1443
    1206
     958
     772
     537
     467
     328
     253
     175
     123
      99
      80
      56
      65
      42
      44
      65
      53
      50
      53
      56
      51
      49
      56
      39
      42
      42
      29
      35
      33
      39
      44
      26
      23
      33
      40
      31
      37
      41
      48
      55
      40
      53
      58
      66
      89
     114
     163
     166
     203
     237
     289
     306
     388
     522
     634
     757
     909
    1041
    1077
    1165
    1216
    1172
    1156
    1092
     954
     906
     732
     660
     637
     447
     385
     329
     277
     212
     171
     145
     139
      89
      83
      71
      61
      43
      50
      35
      32
      19
      19
      25
      11
      20
      12
       9
      15
      13
       8
      13
       9
       7
      15
      13
      13
      12
      11
      12
      11
      12
       7
       9
      12
      12
      25
      17
      14
      17
      23
      16
      11
      22
      21
      25
      33
      33
      28
      41
      47
      55
      86
      82
      98
     124
     126
     122
     130
     105
     105
      81
      67
      75
      73
      62
      57
      68
      58
      53
      52
      43
      47
      46
      45
      32
      28
      25
      24
      18
      18
      11
      18
      17
      15
      16
      15
      12
      15
      15
       5
       9
       9
       9
       6
       7
      10
      11
       6
       6
       2
      12
      11
       7
       4
      14
       6
       6
       7
      10
       6
      11
       8
       8
       7
       8
       9
       1
       3
       3
       5
       5
       8
       6
      10
       6
      11
       3
      12
       5
       5
       4
       8
       8
       7
       7
       4
       7
       2
       7
       8
       3
       5
       9
      17
       6
       5
       8
       8
      12
       5
       8
       5
      10
       9
       6
       3
       6
      11
       5
      10
       5
       6
      14
      12
      15
       7
      12
      10
       9
      10
      14
       9
      12
      14
      14
      10
      15
      16
      18
      12
      14
      15
      10
       7
      10
      13
      15
      13
      15
      14
      19
      17
      15
      22
      22
      19
      22
      20
      22
      26
      16
      24
      16
      10
      10
      14
      20
      16
      10
      22
      16
      11
       9
      11
       7
      10
      12
      15
       7
      10
       8
       4
       6
      13
      11
       8
      13
       5
       6
      18
      15
      10
      12
       8
      11
       8
      17
       8
       8
      14
      11
       9
       8
      17
      12
      17
       9
       8
       8
      13
      16
      14
      10
      11
      15
       8
      15
       7
       9
       4
      13
      10
       6
      15
      13
       4
       3
       9
       5
       6
       6
      12
       8
       9
       9
      11
      10
       7
       9
       9
       9
      14
      11
       9
      10
       5
      11
       3
       2
       7
       5
       4
       6
       3
       9
       3
       7
       9
       5
       6
       8
       7
       7
       6
      11
       7
       6
       4
       5
       4
       3
       7
       8
       6
       9
       6
       5
       7
       3
       5
       6
       7
       1
       4
       2
       4
       8
       7
       5
       3
       8
       1
       2
       8
       4
      12
      54
       3
       6
       4
       5
       4
       2
       7
       1
      20
      45
      13
       9
      10
       7
       8
      10
       7
       2
       3
       3
       5
       8
       8
       4
       3
       4
       2
       3
       4
       0
       1
       0
       2
       2
       3
       2
       3
       4
       4
       4
       1
       1
       1
       1
       1
       0
       0
       0
       0
       0
       0
       0
       0
       0
       0
       1
       0
       0
       0
       0
       0
       0
       0
       0
       0
       0
       0
       0
       0
       0
       0
       0
       0
       0
       0
       0
       0
       0
       0
       0
       0
       0
       0
       0
       0
       0
       0
       0
       0
       0
       0
       0
       0
       0
       0
       0
       0
       0
       0
       0
       0
       0
       0
       0
       0
       0
       0
       0
       0
       0
       0
       0
       0
       0
       0
       0
       0
       0
       0
       0
       0
       0
       0
       0
       0
       0
       0
       0
       0
       0
       0
       0
       0
       0
       0
       0
       0
       0
       0
       0
       0
       0
       0
       0
       0
       0
       0
       0
       0
       0
       0
       0
       0
       0
       0
       0
       0
       0
       0
       0
       0
       0
       0
       0
       0
       0
       0
       0
       0
       0
       0
       0
       0
       0
       0
       0
       0
       0
       0
       0
       0
       0
       0
       0
       0
       0
       0
       0
       0
       0
       0
       0
       0
       0
       0
       0
       0
       0
       0
       0
       0
       0
       0
       0
       0
       0
       0
       0
       0
       0
       0
       0
       0
       0
       0
       0
       0
       0
       0
       0
       0
       0
       0
       0
       0
       0
       0
       0
       0
       0
       0
       0
       0
       0
       0
       0
       0
       0
       0
       0
       0
       0
       0
       0
       0
       0
       0
       0
       0
       0
       0
       0
       0
       0
       0
       0
       0
       0
       0
       0
       0
       0
       0
       0
       0
       0
       0
       0
       0
       0
       0
       0
       0
       0
       0
       0
       0
       0
       0
       0
       0
       0
       0
       0
       0
       0
       0
       0
       0
       0
       0
       0
       0
       0
       0
       0
       0
       0
       0
       0
       0
       0
       0
       0
       0
       0
       0
       0
       0
       0
       0
       0
       0
       0
       0
       0
       0
       0
       0
       0
       0
       0
       0
       0
       0
       0
       0
       0
       0
       0
       0
       0
       0
       0
       0
       0
       0
       0
       0
       0
       0
       0
       0
       0
       0
       0
       0
       0
       0
       0
       0
       0
       0
       0
       0
       0
       0
       0
       0
       0
       0
       0
       0
       0
       0
       0
       0
       0
       0
       0
       0
       0
       0
       0
       0
       0
       0
       0
       0
       0
       0
       0
       0
       0
       0
       0
       0
       0
       0
       0
       0
       0
       0
       0
       0
       0
       0
       0
       0
       0
       0
       0
       0
       0
       0
       0
       0
       0
       0
       0
       0
       0
       0
       0
       0
       0
       0
       0
       0
       0
       0
       0
       0
       0
       0
       0
       0
       0
       0
       0
       0
       0
       0
       0
       0
       0
       0
       0
       0
       0
       0
       0
       0
       0
       0
       0
       0
       0
       0
       0
       0
       0
       0
       0
       0
       0
       0
       0
       0
       0
       0
       0
       0
       0
       0
       0
       0
       0
       0
       0
       0
       0
       0
       0
       0
       0
       0
       0
       0
       0
       0
       0
       0
       0
       0
       0
       0
       0
       0
       0
       0
       0
       0
       0
       0
       0
       0
       0
       0
       0
       0
       0
       0
       0
       0
       0
       0
       0
       0
       0
       0
       0
       0
       0
       0
       0
       0
       0
       0
       0
       0
       0
       0
       0
       0
       0
       0
       0
       0
       0
       0
       0
       0
       0
       0
       0
       0
       0
       0
       0
       0
       0
       0
       0
       0
       0
       0
       0
       0
       0
       0
       0
       0
       0
       0
       0
       0
       0
       0
       0
       0
       0
       0
       0
       0
       0
       0
       0
       0
       0
       0
       0
       0
       0
       0
       0
       0
       0
       0
       0
       0
       0
       0
       0
       0
       0
       0
       0
       0
       0
       0
       0
       0
       0
       0
       0
       0
       0
       0
       0
       0
       0
       0
       0
       0
       0
       0
       0
       0
       0
       0
       0
       0
       0
       0
       0
       0
       0
       0
       0
       0
       0
       0
       0
       0
       0
       0
       0
       0
       0
       0
       0
       0
       0
       0
       0
       0
       0
       0
       0
       0
       0
       0
       0
       0
       0
       0
       0
       0
       0
       0
       0
       0
       0
       0
       0
       0
       0
       0
       0
       0
       0
       0
       0
       0
       0
       0
       0
       0
       0
       0
       0
       0
       0
       0
       0
       0
       0
       0
       0
       0
       0
       0
       0
       0
       0
       0
       0
       0
       0
       0
       0
       0
       0
       0
       0
       0
       0
       0
       0
       0
       0
       0
       0
       0
       0
       0
       0
       0
       0
       0
       0
       0
       0
       0
       0
       0
       0
       0
       0
       0
       0
       0
       0
       0
       0
       0
       0
       0
       0
       0
       0
       0
       0
       0
       0
       0
       0
       0
       0
       0
       0
       0
       0
       0
       0
       0
       0
       0
       0
       0
       0
       0
       0
       0
       0
       0
       0
       0
       0
       0
       0
       0
       0
       0
       0
       0
       0
       0
       0
       0
       0
       0
       0
       0
       0
       0
       0
       0
       0
       0
       0
       0
       0
       0
       0
       0
       0
       0
       0
       0
       0
       0
       0
       0
       0
       0
       0
       0
       0
       0
       0
       0
       0
       0
       0
       0
       0
       0
       0
       0
       0
       0
       0
       0
       0
       0
       0
       0
       0
       0
       0
       0
       0
       0
       0
       0
       0
       0
       0
       0
       0
       0
       0
       0
       0
       0
       0
       0
       0
       0
       0
       0
       0
       0
       0
       0
       0
       0
       0
       0
       0
       0
       0
       0
       0
       0
       0
       0
       0
       0
       0
       0
       0
       0
       0
       0
       0
       0
       0
       0
       0
       0
       0
       0
       0
       0
       0
       0
       0
       0
       0
       0
       0
       0
       0
       0
       0
       0
       0
       0
       0
       0
       0
       0
       0
       0
       0
       0
       0
       0
       0
       0
       0
       0
       0
       0
       0
       0
       0
       0
       0
       0
       0
       0
       0
       0
       0
       0
       0
       0
       0
       0
       0
       0
       0
       0
       0
       0
       0
       0
       0
       0
       0
       0
       0
       0
       0
       0
       0
       0
       0
       0
       0
       0
       0
       0
       0
       0
       0
       0
       0
       0
       0
       0
       0
       0
       0
       0
       0
       0
       0
       0
       0
       0
       0
       0
       0
       0
       0
       0
       0
       0
       0
       0
       0
       0
       0
       0
       0
       0
       0
       0
       0
       0
       0
       0
       0
       0
       0
       0
       0
       0
       0
       0
       0
       0
       0
       0
       0
       0
       0
       0
       0
       0
       0
       0
       0
       0
       0
       0
       0
       0
       0
       0
       0
       0
       0
       0
       0
       0
       0
       0
       0
       0
       0
       0
       0
       0
       0
       0
       0
       0
       0
       0
       0
       0
       0
       0
       0
       0
       0
       0
       0
       0
       0
       0
       0
       0
       0
       0
       0
       0
       0
       0
       0
       0
       0
       0
       0
       0
       0
       0
       0
       0
       0
       0
       0
       0
       0
       0
       0
       0
       0
       0
       0
       0
       0
       0
       0
       0
       0
       0
       0
       0
       0
       0
       0
       0
       0
       0
       0
       0
       0
       0
       0
       0
       0
       0
       0
       0
       0
       0
       0
       0
       0
       0
       0
       0
       0
       0
       0
       0
       0
       0
       0
       0
       0
       0
       0
       0
       0
       0
       0
       0
       0
       0
       0
       0
       0
       0
       0
       0
       0
       0
       0
       0
       0
       0
       0
       0
       0
       0
       0
       0
       0
       0
       0
       0
       0
       0
       0
       0
       0
       0
       0
       0
       0
       0
       0
       0
       0
       0
       0
       0
       0
       0
       0
       0
       0
       0
       0
       0
       0
       0
       0
       0
       0
       0
       0
       0
       0
       0
       0
       0
       0
       0
       0
       0
       0
       0
       0
       0
       0
       0
       0
       0
       0
       0
       0
       0
       0
       0
       0
       0
       0
       0
       0
       0
       0
       0
       0
       0
       0
       0
       0
       0
       0
       0
       0
       0
       0
       0
       0
       0
       0
       0
       0
       0
       0
       0
       0
       0
       0
       0
       0
       0
       0
       0
       0
       0
       0
       0
       0
       0
       0
       0
       0
       0
       0
       0
       0
       0
       0
       0
       0
       0
       0
       0
       0
       0
       0
       0
       0
       0
       0
       0
       0
       0
       0
       0
       0
       0
       0
       0
$ROI:
0
$PRESETS:
Live Time
1800
0
$ENER_FIT:
-0.224999 0.029000
$MCA_CAL:
3
-2.249987E-001 2.900000E-002 0.000000E+000 keV
$SHAPE_CAL:
3
0.000000E+000 0.000000E+000 0.000000E+000
