$SPEC_ID:
Fe-55 sample
$SPEC_REM:
DET# 1
DETDESC# DESKTOP-SOU5NOG Easy-MCA-2k SN 14127175
AP# Maestro Version 7.01
$DATE_MEA:
02/06/2023 15:45:35
$MEAS_TIM:
888 907
$DATA:
0 2047
       0
       0
       0
     364
     167
      10
      49
     143
      87
      88
      84
      35
      17
       9
       2
       4
       2
       2
       1
       4
       3
       2
       1
       8
       1
       4
       3
       6
       1
       8
       1
       3
       1
       4
       4
       4
       3
       3
       3
       5
       2
       5
       6
       4
       4
       5
       7
       9
      12
      10
      10
       6
       7
       8
      10
      16
      12
      21
      24
      22
      27
      19
      22
      23
      24
      29
      28
      29
      26
      24
      25
      27
      30
      34
      37
      44
      40
      38
      50
      46
      48
      46
      39
      34
      41
      34
      32
      43
      45
      38
      41
      48
      38
      53
      45
      52
      44
      44
      57
      45
      46
      43
      49
      56
      53
      59
      25
      47
      55
      55
      47
      50
      46
      40
      44
      61
      41
      53
      58
      54
      53
      42
      52
      47
      49
      37
      48
      50
      42
      63
      49
      43
      46
      48
      43
      38
      51
      40
      61
      64
      44
      59
      51
      54
      48
      51
      47
      63
      50
      44
      58
      52
      56
      55
      51
      53
      52
      51
      56
      54
      48
      43
      52
      66
      56
      50
      49
      46
      46
      56
      49
      61
      56
      36
      61
      73
      57
      61
      52
      55
      52
      40
      60
      50
      52
      48
      52
      54
      63
      57
      55
      46
      33
      75
      58
      56
      58
      50
      69
      44
      59
      62
      59
      70
      44
      48
      61
      60
      60
      62
      52
      72
      66
      64
      75
      63
      66
      74
      60
      76
      75
      87
      78
      95
      85
      95
      78
      75
      65
      77
      81
      76
      75
      65
      75
      75
      85
      71
      62
      69
      77
      67
      80
      84
      62
      79
      80
      94
      89
      78
      79
      97
      62
      84
     110
     108
      88
     107
     115
      98
     118
     133
     141
     138
     135
     152
     154
     152
     159
     172
     160
     201
     233
     286
     435
     714
    1214
    1990
    3174
    4833
    6818
    8498
    9972
   10191
    9831
    8612
    7027
    5173
    3421
    2178
    1295
     776
     549
     368
     398
     459
     641
     925
    1474
    2208
    3132
    4001
    4681
    5212
    5407
    4966
    4368
    3490
    2706
    2216
    1873
    1831
    1622
    1643
    1524
    1329
    1073
     810
     633
     451
     248
     162
     127
      88
      81
      74
      71
      58
      70
      85
     111
     125
     184
     208
     248
     292
     297
     281
     248
     240
     226
     154
     114
      95
      65
      43
      36
      33
      39
      31
      36
      35
      31
      23
      33
      29
      28
      26
      37
      24
      34
      30
      28
      37
      27
      39
      21
      36
      29
      41
      30
      32
      23
      38
      28
      24
      36
      24
      32
      26
      27
      26
      25
      35
      22
      25
      26
      29
      25
      20
      35
      26
      23
      32
      27
      26
      27
      27
      30
      37
      26
      36
      36
      34
      36
      28
      34
      22
      30
      36
      30
      31
      33
      31
      28
      38
      32
      29
      38
      31
      32
      25
      26
      34
      31
      35
      48
      30
      31
      27
      39
      28
      18
      32
      45
      37
      36
      32
      22
      26
      32
      35
      39
      30
      40
      40
      41
      36
      46
      32
      34
      32
      19
      16
      25
      20
      27
      30
      29
      31
      27
      23
      28
      21
      22
      32
      21
      28
      21
      32
      25
      30
      29
      27
      16
      16
      23
      28
      30
      22
      23
      19
      17
      25
      20
      25
      16
      27
      29
      24
      24
      26
      17
      23
      18
      24
      18
      30
      24
      14
      21
      17
      22
      22
      17
      12
      20
      30
      26
      27
      11
      29
      24
      20
      21
      25
      33
      21
      18
      19
      19
      23
      25
      33
      27
      33
      37
      30
      30
      22
      35
      34
      31
      30
      29
      31
      25
      34
      28
      35
      30
      31
      33
      40
      43
      38
      32
      34
      41
      45
      39
      47
      50
      50
      47
      45
      37
      46
      38
      51
      35
      46
      39
      39
      36
      35
      43
      49
      45
      36
      46
      44
      43
      46
      36
      32
      38
      33
      32
      31
      38
      23
      23
      34
      27
      18
      33
      27
      45
      34
      47
      48
      33
      36
      27
      33
      26
      27
      11
       9
       7
      10
       5
      11
       9
       8
       7
       7
       4
       6
       3
       6
       4
       4
       9
       9
       8
       7
      11
       6
       6
       3
       5
       5
       5
      10
       8
       7
      12
       8
       8
      12
      14
      12
      10
       4
      14
      10
       5
       7
       6
       5
       4
       5
      10
       7
       2
       7
       7
       2
       4
       3
      12
       3
       2
      10
       7
       9
       6
       5
       5
       4
       6
       7
       6
       8
       9
       3
       7
       9
       3
       3
       6
       3
       2
       4
       8
       1
       7
       6
       6
       7
       8
       5
       6
       3
       5
      15
       2
       5
       6
       6
       7
       4
       4
       4
       3
       3
       5
       5
       3
       1
       4
       3
       3
       8
       3
       9
       2
       3
       2
       6
       8
      21
      15
      17
      17
      13
      21
      28
      15
       9
       4
       6
       6
       1
       0
       0
       9
       3
       1
       0
       1
       0
       0
       0
       2
       1
       0
       0
       0
       0
       1
       1
       0
       0
       0
       0
       0
       0
       0
       0
       0
       0
       0
       0
       0
       0
       0
       0
       0
       0
       0
       0
       0
       0
       0
       0
       0
       0
       0
       0
       0
       0
       0
       0
       0
       0
       0
       0
       0
       0
       0
       0
       0
       0
       1
       0
       0
       0
       0
       0
       0
       0
       0
       0
       0
       0
       0
       0
       0
       0
       0
       0
       0
       0
       0
       0
       0
       0
       0
       0
       0
       0
       0
       0
       0
       0
       0
       0
       0
       0
       0
       0
       0
       0
       0
       0
       0
       0
       0
       0
       0
       0
       0
       0
       0
       0
       0
       0
       0
       0
       0
       0
       1
       0
       0
       0
       0
       0
       0
       0
       0
       0
       0
       0
       0
       0
       0
       0
       0
       0
       0
       0
       0
       0
       0
       0
       0
       0
       0
       0
       0
       0
       0
       0
       0
       0
       0
       0
       0
       0
       0
       0
       0
       0
       0
       0
       0
       0
       0
       0
       0
       0
       0
       0
       0
       0
       0
       0
       0
       0
       0
       0
       0
       0
       0
       0
       0
       0
       0
       0
       0
       0
       0
       0
       0
       0
       0
       0
       0
       0
       0
       0
       0
       0
       0
       0
       0
       0
       0
       0
       0
       0
       0
       0
       0
       0
       0
       0
       0
       0
       0
       0
       0
       0
       0
       0
       0
       0
       0
       0
       0
       0
       0
       0
       0
       0
       0
       0
       0
       0
       0
       0
       0
       0
       0
       0
       0
       0
       0
       0
       0
       0
       0
       0
       0
       0
       0
       0
       0
       0
       0
       0
       0
       0
       0
       0
       0
       0
       0
       0
       0
       0
       0
       0
       0
       0
       0
       0
       0
       0
       0
       0
       0
       0
       0
       0
       0
       0
       0
       0
       0
       0
       0
       0
       0
       0
       0
       0
       0
       0
       0
       0
       0
       0
       0
       0
       0
       0
       0
       0
       0
       0
       0
       0
       0
       0
       0
       0
       0
       0
       0
       0
       0
       0
       0
       0
       0
       0
       0
       0
       0
       0
       0
       0
       0
       0
       0
       0
       0
       0
       0
       0
       0
       0
       0
       0
       0
       0
       0
       0
       0
       0
       0
       0
       0
       0
       0
       0
       0
       0
       0
       0
       0
       0
       0
       0
       0
       0
       0
       0
       0
       0
       0
       0
       0
       0
       0
       0
       0
       0
       0
       0
       0
       0
       0
       0
       0
       0
       0
       0
       0
       0
       0
       0
       0
       0
       0
       0
       0
       0
       0
       0
       0
       0
       0
       0
       0
       0
       0
       0
       0
       0
       0
       0
       0
       0
       0
       0
       0
       0
       0
       0
       0
       0
       0
       0
       0
       0
       0
       0
       0
       0
       0
       0
       0
       0
       0
       0
       0
       0
       0
       0
       0
       0
       0
       0
       0
       0
       0
       0
       0
       0
       0
       0
       0
       0
       0
       0
       0
       0
       0
       0
       0
       0
       0
       0
       0
       0
       0
       0
       0
       0
       0
       0
       0
       0
       0
       0
       0
       0
       0
       0
       0
       0
       0
       0
       0
       0
       0
       0
       0
       0
       0
       0
       0
       0
       0
       0
       0
       0
       0
       0
       0
       0
       0
       0
       0
       0
       0
       0
       0
       0
       0
       0
       0
       0
       0
       0
       0
       0
       0
       0
       0
       0
       0
       0
       0
       0
       0
       0
       0
       0
       0
       0
       0
       0
       0
       0
       0
       0
       0
       0
       0
       0
       0
       0
       0
       0
       0
       0
       0
       0
       0
       0
       0
       0
       0
       0
       0
       0
       0
       0
       0
       0
       0
       0
       0
       0
       0
       0
       0
       0
       0
       0
       0
       0
       0
       0
       0
       0
       0
       0
       0
       0
       0
       0
       0
       0
       0
       0
       0
       0
       0
       0
       0
       0
       0
       0
       0
       0
       0
       0
       0
       0
       0
       0
       0
       0
       0
       0
       0
       0
       0
       0
       0
       0
       0
       0
       0
       0
       0
       0
       0
       0
       0
       0
       0
       0
       0
       0
       0
       0
       0
       0
       0
       0
       0
       0
       0
       0
       0
       0
       0
       0
       0
       0
       0
       0
       0
       0
       0
       0
       0
       0
       0
       0
       0
       0
       0
       0
       0
       0
       0
       0
       0
       0
       0
       0
       0
       0
       0
       0
       0
       0
       0
       0
       0
       0
       0
       0
       0
       0
       0
       0
       0
       0
       0
       0
       0
       0
       0
       0
       0
       0
       0
       0
       0
       0
       0
       0
       0
       0
       0
       0
       0
       0
       0
       0
       0
       0
       0
       0
       0
       0
       0
       0
       0
       0
       0
       0
       0
       0
       0
       0
       0
       0
       0
       0
       0
       0
       0
       0
       0
       0
       0
       0
       0
       0
       0
       0
       0
       0
       0
       0
       0
       0
       0
       0
       0
       0
       0
       0
       0
       0
       0
       0
       0
       0
       0
       0
       0
       0
       0
       0
       0
       0
       0
       0
       0
       0
       0
       0
       0
       0
       0
       0
       0
       0
       0
       0
       0
       0
       0
       0
       0
       0
       0
       0
       0
       0
       0
       0
       0
       0
       0
       0
       0
       0
       0
       0
       0
       0
       0
       0
       0
       0
       0
       0
       0
       0
       0
       0
       0
       0
       0
       0
       0
       0
       0
       0
       0
       0
       0
       0
       0
       0
       0
       0
       0
       0
       0
       0
       0
       0
       0
       0
       0
       0
       0
       0
       0
       0
       0
       0
       0
       0
       0
       0
       0
       0
       0
       0
       0
       0
       0
       0
       0
       0
       0
       0
       0
       0
       0
       0
       0
       0
       0
       0
       0
       0
       0
       0
       0
       0
       0
       0
       0
       0
       0
       0
       0
       0
       0
       0
       0
       0
       0
       0
       0
       0
       0
       0
       0
       0
       0
       0
       0
       0
       0
       0
       0
       0
       0
       0
       0
       0
       0
       0
       0
       0
       0
       0
       0
       0
       0
       0
       0
       0
       0
       0
       0
       0
       0
       0
       0
       0
       0
       0
       0
       0
       0
       0
       0
       0
       0
       0
       0
       0
       0
       0
       0
       0
       0
       0
       0
       0
       0
       0
       0
       0
       0
       0
       0
       0
       0
       0
       0
       0
       0
       0
       0
       0
       0
       0
       0
       0
       0
       0
       0
       0
       0
       0
       0
       0
       0
       0
       0
       0
       0
       0
       0
       0
       0
       0
       0
       0
       0
       0
       0
       0
       0
       0
       0
       0
       0
       0
       0
       0
       0
       0
       0
       0
       0
       0
       0
       0
       0
       0
       0
       0
       0
       0
       0
       0
       0
       0
       0
       0
       0
       0
       0
       0
       0
       0
       0
       0
       0
       0
       0
       0
       0
       0
       0
       0
       0
       0
       0
       0
       0
       0
       0
       0
       0
       0
       0
       0
       0
       0
       0
       0
       0
       0
       0
       0
       0
       0
       0
       0
       0
       0
       0
       0
       0
       0
       0
       0
       0
       0
       0
       0
       0
       0
       0
       0
       0
       0
       0
       0
       0
       0
       0
       0
       0
       0
       0
       0
       0
       0
       0
       0
       0
       0
       0
       0
       0
       0
       0
       0
       0
       0
       0
       0
       0
       0
       0
       0
       0
       0
       0
       0
       0
       0
       0
       0
       0
       0
       0
       0
       0
       0
       0
       0
       0
       0
       0
       0
       0
       0
       0
       0
       0
       0
       0
       0
       0
       0
       0
       0
       0
       0
       0
       0
       0
       0
       0
       0
       0
       0
       0
       0
       0
       0
       0
       0
       0
       0
       0
       0
       0
       0
       0
       0
       0
       0
       0
       0
       0
       0
       0
       0
       0
       0
       0
       0
       0
       0
       0
       0
       0
       0
       0
       0
       0
       0
       0
       0
       0
       0
       0
       0
       0
       0
       0
       0
       0
       0
       0
       0
       0
       0
       0
       0
       0
       0
       0
       0
       0
       0
       0
       0
       0
       0
       0
       0
       0
       0
       0
       0
       0
       0
       0
       0
       0
       0
       0
       0
       0
       0
       0
       0
       0
       0
       0
       0
       0
       0
       0
       0
       0
       0
       0
       0
       0
       0
       0
       0
       0
       0
       0
       0
       0
       0
       0
       0
       0
       0
       0
       0
       0
       0
       0
       0
       0
       0
       0
       0
       0
       0
       0
       0
       0
       0
       0
       0
       0
       0
       0
       0
       0
       0
       0
       0
       0
       0
       0
       0
       0
       0
       0
       0
       0
       0
       0
       0
       0
       0
       0
       0
       0
       0
       0
       0
       0
       0
       0
       0
       0
       0
       0
       0
       0
       0
       0
       0
       0
       0
       0
       0
       0
       0
       0
       0
       0
       0
       0
       0
$ROI:
0
$PRESETS:
Live Time
1200
0
$ENER_FIT:
-0.224999 0.029000
$MCA_CAL:
3
-2.249987E-001 2.900000E-002 0.000000E+000 keV
$SHAPE_CAL:
3
0.000000E+000 0.000000E+000 0.000000E+000
