$SPEC_ID:
Fe-55 sample
$SPEC_REM:
DET# 1
DETDESC# DESKTOP-SOU5NOG Easy-MCA-2k SN 14127175
AP# Maestro Version 7.01
$DATE_MEA:
01/30/2023 15:21:46
$MEAS_TIM:
300 306
$DATA:
0 2047
       0
       0
       0
     146
      82
       7
      21
      47
      27
      31
      23
       7
       4
       1
       1
       2
       1
       1
       2
       1
       0
       0
       2
       2
       1
       1
       1
       1
       0
       4
       1
       0
       1
       0
       1
       0
       0
       2
       2
       1
       1
       0
       1
       2
       2
       0
       3
       1
       6
       4
       6
       0
       3
       2
       3
       4
       1
       5
       7
       6
      10
       9
       7
       5
       6
       9
      11
       9
      15
      10
      10
      12
      10
       8
       7
      12
      11
      15
      11
      15
      20
      10
      15
      12
      10
      14
      12
      12
      14
      19
      17
       9
      18
      21
      20
      17
      11
      15
      13
      19
      16
      16
      21
      14
      17
       9
      22
      14
      15
      10
      25
      14
      14
      22
      15
      16
      27
      21
      16
      13
      16
      20
      17
      13
      20
      20
      24
      17
      18
      21
      22
      17
      21
      16
      13
      20
      19
      15
      15
      17
      11
      19
      15
      11
      20
      21
      16
      18
      18
      19
      19
      19
      16
      21
      19
      21
      27
      17
      19
      28
      14
      19
      24
      24
      26
      17
      13
      25
      24
      24
      25
      22
      21
      15
      26
      22
      18
      14
      15
      19
      25
      22
      15
      20
      22
      25
      23
      24
      27
      18
      20
      18
      16
      25
      16
      22
      26
      21
      21
      25
      14
      21
      27
      19
      17
      12
      22
      27
      19
      18
      21
      32
      23
      19
      28
      27
      20
      18
      19
      24
      35
      29
      39
      42
      34
      37
      33
      26
      34
      28
      23
      34
      30
      34
      32
      23
      26
      23
      19
      26
      31
      30
      27
      25
      27
      31
      28
      32
      38
      37
      31
      35
      34
      26
      38
      46
      22
      39
      33
      43
      40
      31
      47
      56
      63
      54
      55
      62
      60
      73
      58
      68
      82
      82
     121
     165
     243
     449
     782
    1324
    2057
    3010
    4049
    4859
    5392
    5659
    5138
    4283
    3201
    2093
    1307
     814
     439
     256
     156
     121
      75
      72
      67
      65
      60
      64
      75
      69
      66
      78
      86
     114
     149
     223
     291
     446
     592
     725
     817
     873
     748
     722
     477
     362
     235
     130
      73
      52
      32
      23
      20
      15
      11
      13
      17
      17
       8
      20
      11
      11
      19
      15
       8
       7
       8
      10
      10
      17
      10
      12
      10
      12
      12
      12
      12
       8
       5
      15
      11
      18
      11
      15
      12
      11
      18
      11
      11
      14
       5
      11
      11
      10
      14
      10
      16
      11
       8
       9
       9
       9
      12
       4
      15
      10
      12
      11
       8
      10
       9
      16
      12
      10
       8
      10
       9
       8
      13
      10
       7
      14
       9
      13
      15
       6
      10
      13
       8
       8
      13
      11
      13
       5
      12
      14
      13
       6
      13
       9
       8
      12
       5
      13
      13
       8
      14
      10
      13
       6
      17
       7
      13
       4
      13
       7
       8
      11
      16
      11
      11
      10
      10
      17
      13
      11
      11
      14
      11
      11
       9
       7
      12
      11
      11
       9
      13
      15
      12
      11
      10
       4
       2
      11
       3
       7
       6
       8
      11
      13
       4
       3
      11
      11
       6
       6
       6
      12
       9
       7
       9
       9
       7
      10
       7
      10
       9
       2
       6
      17
       6
      10
      11
      10
      13
      11
      12
       5
       8
       9
      10
      13
      10
       6
      11
      10
      14
      11
       8
       7
       8
      13
      12
       8
       7
      15
      11
       8
       4
       8
      10
      16
      12
       7
       9
       8
      12
      15
       6
      10
      10
       9
      10
       8
       5
      13
      10
      13
       9
      13
      12
      11
      11
      23
       8
      18
       5
      18
       9
      12
      18
      14
      16
      17
      18
      14
      16
      16
      19
      24
      28
      19
      22
      19
      20
      25
      15
      32
      31
      24
      24
      11
       9
      16
       3
       9
       5
       6
       8
       8
       4
       8
      12
       6
       7
       5
       8
       5
      11
       8
      12
       7
      15
       6
       6
       7
       4
       6
       5
       7
       5
       9
      10
      12
      17
      12
       9
       9
      12
       7
       8
       5
       4
       6
       2
       2
       3
       1
       1
       0
       7
       1
       1
       3
       0
       0
       0
       4
       1
       1
       1
       1
       1
       2
       2
       3
       1
       2
       3
       2
       1
       1
       2
       5
       0
       2
       4
       4
       4
       1
       1
       6
       3
       3
       1
       1
       1
       1
       0
       3
       2
       1
       3
       3
       2
       1
       2
       0
       1
       1
       1
       2
       3
       2
       3
       2
       2
       4
       1
       2
       2
       3
       0
       1
       0
       2
       1
       0
       2
       1
       3
       2
       0
       0
       0
       1
       1
       3
       1
       2
       2
       0
       5
       1
       2
       3
       3
       3
       1
       2
       0
       1
       1
       4
       4
       5
       0
       3
       5
       4
       1
       0
       1
       1
       2
       2
       0
       1
       4
       1
       1
       2
       3
       0
       2
      21
      25
      11
       0
       0
       0
       0
       0
       0
       0
       0
       0
       0
       0
       0
       0
       0
       0
       0
       0
       0
       0
       0
       0
       0
       0
       0
       0
       0
       0
       0
       0
       0
       0
       0
       0
       0
       0
       0
       0
       0
       0
       0
       0
       0
       0
       0
       0
       0
       0
       0
       0
       0
       0
       0
       0
       0
       0
       0
       0
       0
       0
       0
       0
       0
       0
       0
       0
       0
       0
       0
       0
       0
       0
       0
       0
       0
       0
       0
       0
       0
       0
       0
       0
       0
       0
       0
       0
       0
       0
       0
       0
       0
       0
       0
       0
       0
       0
       0
       0
       0
       0
       0
       0
       0
       0
       0
       0
       0
       0
       0
       0
       0
       0
       0
       0
       0
       0
       0
       0
       0
       0
       0
       0
       0
       0
       0
       0
       0
       0
       0
       0
       0
       0
       0
       0
       0
       0
       0
       0
       0
       0
       0
       0
       0
       0
       0
       0
       0
       0
       0
       0
       0
       0
       0
       0
       0
       0
       0
       0
       0
       0
       0
       0
       0
       0
       0
       0
       0
       0
       0
       0
       0
       0
       0
       0
       0
       0
       0
       0
       0
       0
       0
       0
       0
       0
       0
       0
       0
       0
       0
       0
       0
       0
       0
       0
       0
       0
       0
       0
       0
       0
       0
       0
       0
       0
       0
       0
       0
       0
       0
       0
       0
       0
       0
       0
       0
       0
       0
       0
       0
       0
       0
       0
       0
       0
       0
       0
       0
       0
       0
       0
       0
       0
       0
       0
       0
       0
       0
       0
       0
       0
       0
       0
       0
       0
       0
       0
       0
       0
       0
       0
       0
       0
       0
       0
       0
       0
       0
       0
       0
       0
       0
       0
       0
       0
       0
       0
       0
       0
       0
       0
       0
       0
       0
       0
       0
       0
       0
       0
       0
       0
       0
       0
       0
       0
       0
       0
       0
       0
       0
       0
       0
       0
       0
       0
       0
       0
       0
       0
       0
       0
       0
       0
       0
       0
       0
       0
       0
       0
       0
       0
       0
       0
       0
       0
       0
       0
       0
       0
       0
       0
       0
       0
       0
       0
       0
       0
       0
       0
       0
       0
       0
       0
       0
       0
       0
       0
       0
       0
       0
       0
       0
       0
       0
       0
       0
       0
       0
       0
       0
       0
       0
       0
       0
       0
       0
       0
       0
       0
       0
       0
       0
       0
       0
       0
       0
       0
       0
       0
       0
       0
       0
       0
       0
       0
       0
       0
       0
       0
       0
       0
       0
       0
       0
       0
       0
       0
       0
       0
       0
       0
       0
       0
       0
       0
       0
       0
       0
       0
       0
       0
       0
       0
       0
       0
       0
       0
       0
       0
       0
       0
       0
       0
       0
       0
       0
       0
       0
       0
       0
       0
       0
       0
       0
       0
       0
       0
       0
       0
       0
       0
       0
       0
       0
       0
       0
       0
       0
       0
       0
       0
       0
       0
       0
       0
       0
       0
       0
       0
       0
       0
       0
       0
       0
       0
       0
       0
       0
       0
       0
       0
       0
       0
       0
       0
       0
       0
       0
       0
       0
       0
       0
       0
       0
       0
       0
       0
       0
       0
       0
       0
       0
       0
       0
       0
       0
       0
       0
       0
       0
       0
       0
       0
       0
       0
       0
       0
       0
       0
       0
       0
       0
       0
       0
       0
       0
       0
       0
       0
       0
       0
       0
       0
       0
       0
       0
       0
       0
       0
       0
       0
       0
       0
       0
       0
       0
       0
       0
       0
       0
       0
       0
       0
       0
       0
       0
       0
       0
       0
       0
       0
       0
       0
       0
       0
       0
       0
       0
       0
       0
       0
       0
       0
       0
       0
       0
       0
       0
       0
       0
       0
       0
       0
       0
       0
       0
       0
       0
       0
       0
       0
       0
       0
       0
       0
       0
       0
       0
       0
       0
       0
       0
       0
       0
       0
       0
       0
       0
       0
       0
       0
       0
       0
       0
       0
       0
       0
       0
       0
       0
       0
       0
       0
       0
       0
       0
       0
       0
       0
       0
       0
       0
       0
       0
       0
       0
       0
       0
       0
       0
       0
       0
       0
       0
       0
       0
       0
       0
       0
       0
       0
       0
       0
       0
       0
       0
       0
       0
       0
       0
       0
       0
       0
       0
       0
       0
       0
       0
       0
       0
       0
       0
       0
       0
       0
       0
       0
       0
       0
       0
       0
       0
       0
       0
       0
       0
       0
       0
       0
       0
       0
       0
       0
       0
       0
       0
       0
       0
       0
       0
       0
       0
       0
       0
       0
       0
       0
       0
       0
       0
       0
       0
       0
       0
       0
       0
       0
       0
       0
       0
       0
       0
       0
       0
       0
       0
       0
       0
       0
       0
       0
       0
       0
       0
       0
       0
       0
       0
       0
       0
       0
       0
       0
       0
       0
       0
       0
       0
       0
       0
       0
       0
       0
       0
       0
       0
       0
       0
       0
       0
       0
       0
       0
       0
       0
       0
       0
       0
       0
       0
       0
       0
       0
       0
       0
       0
       0
       0
       0
       0
       0
       0
       0
       0
       0
       0
       0
       0
       0
       0
       0
       0
       0
       0
       0
       0
       0
       0
       0
       0
       0
       0
       0
       0
       0
       0
       0
       0
       0
       0
       0
       0
       0
       0
       0
       0
       0
       0
       0
       0
       0
       0
       0
       0
       0
       0
       0
       0
       0
       0
       0
       0
       0
       0
       0
       0
       0
       0
       0
       0
       0
       0
       0
       0
       0
       0
       0
       0
       0
       0
       0
       0
       0
       0
       0
       0
       0
       0
       0
       0
       0
       0
       0
       0
       0
       0
       0
       0
       0
       0
       0
       0
       0
       0
       0
       0
       0
       0
       0
       0
       0
       0
       0
       0
       0
       0
       0
       0
       0
       0
       0
       0
       0
       0
       0
       0
       0
       0
       0
       0
       0
       0
       0
       0
       0
       0
       0
       0
       0
       0
       0
       0
       0
       0
       0
       0
       0
       0
       0
       0
       0
       0
       0
       0
       0
       0
       0
       0
       0
       0
       0
       0
       0
       0
       0
       0
       0
       0
       0
       0
       0
       0
       0
       0
       0
       0
       0
       0
       0
       0
       0
       0
       0
       0
       0
       0
       0
       0
       0
       0
       0
       0
       0
       0
       0
       0
       0
       0
       0
       0
       0
       0
       0
       0
       0
       0
       0
       0
       0
       0
       0
       0
       0
       0
       0
       0
       0
       0
       0
       0
       0
       0
       0
       0
       0
       0
       0
       0
       0
       0
       0
       0
       0
       0
       0
       0
       0
       0
       0
       0
       0
       0
       0
       0
       0
       0
       0
       0
       0
       0
       0
       0
       0
       0
       0
       0
       0
       0
       0
       0
       0
       0
       0
       0
       0
       0
       0
       0
       0
       0
       0
       0
       0
       0
       0
       0
       0
       0
       0
       0
       0
       0
       0
       0
       0
       0
       0
       0
       0
       0
       0
       0
       0
       0
       0
       0
       0
       0
       0
       0
       0
       0
       0
       0
       0
       0
       0
       0
       0
       0
       0
       0
       0
       0
       0
       0
       0
       0
       0
       0
       0
       0
       0
       0
       0
       0
       0
       0
       0
       0
       0
       0
       0
       0
       0
       0
       0
       0
       0
       0
       0
       0
       0
       0
       0
       0
       0
       0
       0
       0
       0
       0
       0
       0
       0
       0
       0
       0
       0
       0
       0
       0
       0
       0
       0
       0
       0
       0
       0
       0
       0
       0
       0
       0
       0
       0
       0
       0
       0
       0
       0
       0
       0
       0
       0
       0
       0
       0
       0
       0
       0
       0
       0
       0
       0
       0
       0
       0
       0
       0
       0
       0
       0
       0
       0
       0
       0
       0
       0
       0
       0
       0
       0
       0
       0
       0
       0
       0
       0
       0
       0
       0
       0
       0
       0
       0
       0
       0
       0
       0
       0
       0
       0
       0
       0
       0
       0
       0
       0
       0
       0
       0
       0
       0
       0
       0
       0
       0
       0
       0
       0
       0
       0
       0
       0
       0
       0
       0
       0
       0
       0
       0
       0
       0
       0
       0
       0
       0
       0
       0
       0
       0
       0
       0
       0
       0
       0
       0
       0
       0
       0
       0
       0
       0
       0
       0
       0
       0
       0
       0
       0
       0
       0
       0
       0
       0
       0
       0
       0
       0
       0
       0
       0
       0
       0
       0
       0
       0
       0
       0
       0
       0
       0
       0
       0
       0
       0
       0
       0
       0
       0
       0
       0
       0
       0
       0
       0
       0
       0
       0
       0
       0
       0
       0
       0
       0
       0
       0
       0
       0
       0
       0
       0
       0
       0
       0
       0
       0
       0
       0
       0
       0
       0
       0
       0
       0
       0
       0
       0
       0
       0
       0
       0
       0
       0
       0
       0
       0
$ROI:
0
$PRESETS:
None
0
0
$ENER_FIT:
-0.400868 0.028696
$MCA_CAL:
3
-4.008677E-001 2.869564E-002 0.000000E+000 keV
$SHAPE_CAL:
3
0.000000E+000 0.000000E+000 0.000000E+000
