$SPEC_ID:
Fe-55 sample
$SPEC_REM:
DET# 1
DETDESC# DESKTOP-SOU5NOG Easy-MCA-2k SN 14127175
AP# Maestro Version 7.01
$DATE_MEA:
01/30/2023 14:36:05
$MEAS_TIM:
300 303
$DATA:
0 2047
       0
       0
       0
      64
      83
       3
      16
      49
      39
      26
      34
      11
       6
       2
       0
       0
       2
       0
       0
       0
       0
       0
       0
       1
       1
       1
       0
       0
       0
       0
       0
       0
       0
       0
       1
       0
       0
       0
       0
       1
       2
       1
       0
       2
       0
       1
       0
       0
       0
       5
       3
       3
       1
       0
       0
       1
       1
       4
       3
       4
       1
       7
       5
       7
       5
       7
       4
       1
       4
       4
       5
      10
       6
       8
       4
       7
       7
      12
       7
      12
       5
       4
      12
       5
      11
       4
      14
      12
      12
      16
       9
       6
      14
      11
      13
       9
      14
       7
       6
       8
      12
      17
       6
      13
      11
      14
      16
      12
      16
       8
       7
      10
      13
       6
      10
      10
       7
      11
       7
      11
       8
       7
      11
      10
      13
       9
      10
      13
      17
       8
       9
       9
      13
       8
       9
      11
      13
      13
       3
       7
      18
       8
       4
       4
      13
      12
      10
      17
      11
      11
       9
       4
      13
      16
      11
      10
      10
       6
      12
       7
      15
       9
       6
      12
      15
      12
      17
      14
      12
      16
      17
      19
      20
      21
      18
      20
      13
      16
      23
       8
      16
      14
      14
      19
       5
      15
      13
      18
      17
       8
       9
      11
      11
       9
      17
      16
      12
      14
      16
      14
      19
      12
      19
      22
      12
      12
       6
      16
       5
      15
      15
      14
      15
      18
      18
      18
      26
      21
      35
      26
      35
      43
      40
      30
      34
      48
      55
      93
     149
     260
     437
     762
    1054
    1512
    1922
    2210
    2285
    2272
    2148
    2013
    1690
    1410
    1084
     819
     550
     338
     210
     118
     102
      65
      42
      56
      66
      80
     105
     140
     186
     258
     331
     363
     327
     331
     310
     267
     258
     210
     149
     136
      89
      76
      45
      28
      17
      14
      10
       7
       5
       7
       2
       7
       5
       3
       2
       5
       2
       0
       1
       4
       3
       1
       4
       4
       1
       5
       4
       1
       4
       2
       1
       1
       2
       1
       1
       2
       4
       4
       4
       3
       4
       3
       2
       4
       1
       2
       3
       3
       2
       1
       4
       2
       5
       2
       2
       1
       1
       5
       3
       4
       4
       1
       0
       1
       2
       1
       6
       5
       5
       3
       3
       0
       2
       7
       4
       1
       7
       1
       5
       1
       7
       5
       6
       1
       1
       2
       0
       6
       2
       1
       2
       1
       1
       1
       3
       7
       1
       2
       2
       1
       5
       2
       2
       5
       2
       0
       2
       7
       2
       2
       3
       2
       4
       1
       3
       5
       3
       6
       2
       7
       7
       7
       4
       3
       1
       5
       4
       6
       8
       5
       6
       3
       2
       1
       3
       5
       4
       4
       5
       1
       3
       0
       1
       3
       1
       1
       4
       1
       5
       0
       1
       2
       0
       0
       3
       3
       2
       3
       2
       1
       2
       2
       4
       3
       5
       1
       3
       2
       4
       2
       1
       1
       3
       1
       4
       2
       5
       5
       3
       0
       2
       1
       4
       3
       6
       2
       4
       5
      10
       4
       3
       5
       5
       8
       5
       5
       7
       3
       7
       8
      12
       7
       5
       9
       9
       4
       4
       6
       5
       4
       1
       1
       3
       1
       1
       3
       3
       4
       2
       1
       1
       2
       2
       1
       1
       1
       1
       2
       1
       3
       1
       2
       0
       0
       3
       2
       1
       1
       0
       2
       1
       2
       0
       3
       2
       2
       0
       2
       1
       4
       0
       1
       0
       4
       0
       0
       0
       1
       1
       0
       0
       0
       3
       2
       0
       0
       0
       2
       1
       1
       3
       1
       0
       0
       0
       0
       0
       0
       0
       0
       0
       0
       0
       3
       0
       1
       0
       1
       0
       1
       1
       0
       1
       1
       1
       1
       1
       1
       1
       0
       0
       0
       0
       2
       1
       2
       1
       1
       2
       0
       1
       0
       0
       0
       1
       0
       0
       3
       0
       1
       2
       0
       1
       1
       1
       1
       3
       1
       0
       1
       2
       1
       1
       2
       3
       2
       5
       2
       3
       5
       3
       2
       2
       1
       7
       1
       3
       4
       3
       3
       5
       4
       4
       4
       5
       5
       2
       2
       4
       4
       2
       5
       4
       6
       6
      10
       6
       7
       5
       5
       2
       7
       4
       5
       3
       5
       1
       1
       5
       7
       2
       2
       7
       3
      10
       1
       4
       5
       3
       2
       2
       2
       3
       1
       6
       2
       3
       5
       2
       3
       1
       2
       1
       1
       3
       3
       3
       1
       0
       2
       3
       3
       2
       4
       1
       0
       3
       4
       2
       2
       5
       2
       3
       1
       2
       7
       3
       4
       1
       2
       2
       2
       2
       3
       1
       3
       4
       4
       2
       1
       1
       1
       2
       2
       1
       3
       3
       0
       3
       1
       2
       6
       2
       2
       1
       1
       3
       1
       1
       2
       1
       2
       2
       1
       1
       2
       4
       0
       2
       2
       6
       3
       0
       2
       2
       0
       0
       3
       0
       0
       1
       1
       0
       4
       1
       2
       1
       1
       1
       5
       0
       2
       1
       2
       0
       1
       0
       0
       0
       0
       3
       4
       1
       1
       3
       1
       0
       4
       0
       1
       2
       1
       1
       3
       2
       4
       2
       4
       0
       1
       5
      10
       7
      13
       4
       3
       3
       2
       1
       2
       4
      11
       5
       3
       1
       0
       1
       0
       0
       0
       1
       0
       0
       1
       1
       0
       0
       1
       1
       2
       3
       8
       7
       1
       2
       2
       2
       2
       1
       2
       2
       0
       0
       0
       0
       0
       0
       0
       0
       0
       0
       0
       0
       0
       0
       0
       0
       0
       0
       0
       0
       0
       0
       0
       0
       0
       0
       0
       0
       0
       0
       0
       0
       0
       0
       0
       0
       0
       0
       0
       0
       0
       0
       0
       0
       0
       0
       0
       0
       0
       0
       0
       0
       0
       0
       0
       0
       0
       0
       0
       0
       0
       0
       0
       0
       0
       0
       0
       0
       0
       0
       0
       0
       0
       0
       0
       0
       0
       0
       0
       0
       0
       0
       0
       0
       0
       0
       0
       0
       0
       0
       0
       0
       0
       0
       0
       0
       0
       0
       0
       0
       0
       0
       0
       0
       0
       0
       0
       0
       0
       0
       0
       0
       0
       0
       0
       0
       0
       0
       0
       0
       0
       0
       0
       0
       0
       0
       0
       0
       0
       0
       0
       0
       0
       0
       0
       0
       0
       0
       0
       0
       0
       0
       0
       0
       0
       0
       0
       0
       0
       0
       0
       0
       0
       0
       0
       0
       0
       0
       0
       0
       0
       0
       0
       0
       0
       0
       0
       0
       0
       0
       0
       0
       0
       0
       0
       0
       0
       0
       0
       0
       0
       0
       0
       0
       0
       0
       0
       0
       0
       0
       0
       0
       0
       0
       0
       0
       0
       0
       0
       0
       0
       0
       0
       0
       0
       0
       0
       0
       0
       0
       0
       0
       0
       0
       0
       0
       0
       0
       0
       0
       0
       0
       0
       0
       0
       0
       0
       0
       0
       0
       0
       0
       0
       0
       0
       0
       0
       0
       0
       0
       0
       0
       0
       0
       0
       0
       0
       0
       0
       0
       0
       0
       0
       0
       0
       0
       0
       0
       0
       0
       0
       0
       0
       0
       0
       0
       0
       0
       0
       0
       0
       0
       0
       0
       0
       0
       0
       0
       0
       0
       0
       0
       0
       0
       0
       0
       0
       0
       0
       0
       0
       0
       0
       0
       0
       0
       0
       0
       0
       0
       0
       0
       0
       0
       0
       0
       0
       0
       0
       0
       0
       0
       0
       0
       0
       0
       0
       0
       0
       0
       0
       0
       0
       0
       0
       0
       0
       0
       0
       0
       0
       0
       0
       0
       0
       0
       0
       0
       0
       0
       0
       0
       0
       0
       0
       0
       0
       0
       0
       0
       0
       0
       0
       0
       0
       0
       0
       0
       0
       0
       0
       0
       0
       0
       0
       0
       0
       0
       0
       0
       0
       0
       0
       0
       0
       0
       0
       0
       0
       0
       0
       0
       0
       0
       0
       0
       0
       0
       0
       0
       0
       0
       0
       0
       0
       0
       0
       0
       0
       0
       0
       0
       0
       0
       0
       0
       0
       0
       0
       0
       0
       0
       0
       0
       0
       0
       0
       0
       0
       0
       0
       0
       0
       0
       0
       0
       0
       0
       0
       0
       0
       0
       0
       0
       0
       0
       0
       0
       0
       0
       0
       0
       0
       0
       0
       0
       0
       0
       0
       0
       0
       0
       0
       0
       0
       0
       0
       0
       0
       0
       0
       0
       0
       0
       0
       0
       0
       0
       0
       0
       0
       0
       0
       0
       0
       0
       0
       0
       0
       0
       0
       0
       0
       0
       0
       0
       0
       0
       0
       0
       0
       0
       0
       0
       0
       0
       0
       0
       0
       0
       0
       0
       0
       0
       0
       0
       0
       0
       0
       0
       0
       0
       0
       0
       0
       0
       0
       0
       0
       0
       0
       0
       0
       0
       0
       0
       0
       0
       0
       0
       0
       0
       0
       0
       0
       0
       0
       0
       0
       0
       0
       0
       0
       0
       0
       0
       0
       0
       0
       0
       0
       0
       0
       0
       0
       0
       0
       0
       0
       0
       0
       0
       0
       0
       0
       0
       0
       0
       0
       0
       0
       0
       0
       0
       0
       0
       0
       0
       0
       0
       0
       0
       0
       0
       0
       0
       0
       0
       0
       0
       0
       0
       0
       0
       0
       0
       0
       0
       0
       0
       0
       0
       0
       0
       0
       0
       0
       0
       0
       0
       0
       0
       0
       0
       0
       0
       0
       0
       0
       0
       0
       0
       0
       0
       0
       0
       0
       0
       0
       0
       0
       0
       0
       0
       0
       0
       0
       0
       0
       0
       0
       0
       0
       0
       0
       0
       0
       0
       0
       0
       0
       0
       0
       0
       0
       0
       0
       0
       0
       0
       0
       0
       0
       0
       0
       0
       0
       0
       0
       0
       0
       0
       0
       0
       0
       0
       0
       0
       0
       0
       0
       0
       0
       0
       0
       0
       0
       0
       0
       0
       0
       0
       0
       0
       0
       0
       0
       0
       0
       0
       0
       0
       0
       0
       0
       0
       0
       0
       0
       0
       0
       0
       0
       0
       0
       0
       0
       0
       0
       0
       0
       0
       0
       0
       0
       0
       0
       0
       0
       0
       0
       0
       0
       0
       0
       0
       0
       0
       0
       0
       0
       0
       0
       0
       0
       0
       0
       0
       0
       0
       0
       0
       0
       0
       0
       0
       0
       0
       0
       0
       0
       0
       0
       0
       0
       0
       0
       0
       0
       0
       0
       0
       0
       0
       0
       0
       0
       0
       0
       0
       0
       0
       0
       0
       0
       0
       0
       0
       0
       0
       0
       0
       0
       0
       0
       0
       0
       0
       0
       0
       0
       0
       0
       0
       0
       0
       0
       0
       0
       0
       0
       0
       0
       0
       0
       0
       0
       0
       0
       0
       0
       0
       0
       0
       0
       0
       0
       0
       0
       0
       0
       0
       0
       0
       0
       0
       0
       0
       0
       0
       0
       0
       0
       0
       0
       0
       0
       0
       0
       0
       0
       0
       0
       0
       0
       0
       0
       0
       0
       0
       0
       0
       0
       0
       0
       0
       0
       0
       0
       0
       0
       0
       0
       0
       0
       0
       0
       0
       0
       0
       0
       0
       0
       0
       0
       0
       0
       0
       0
       0
       0
       0
       0
       0
       0
       0
       0
       0
       0
       0
       0
       0
       0
       0
       0
       0
       0
       0
       0
       0
       0
       0
       0
       0
       0
       0
       0
       0
       0
       0
       0
       0
       0
       0
       0
       0
       0
       0
       0
       0
       0
       0
       0
       0
       0
       0
       0
       0
       0
       0
       0
       0
       0
       0
       0
       0
       0
       0
       0
       0
       0
       0
       0
       0
       0
       0
       0
       0
       0
       0
       0
       0
       0
       0
       0
       0
       0
       0
       0
       0
       0
       0
       0
       0
       0
       0
       0
       0
       0
       0
       0
       0
       0
       0
       0
       0
       0
       0
       0
       0
       0
       0
       0
       0
       0
       0
       0
       0
       0
       0
       0
       0
       0
       0
       0
       0
       0
       0
       0
       0
       0
       0
       0
       0
       0
       0
       0
       0
       0
       0
       0
       0
       0
       0
       0
       0
       0
       0
       0
       0
       0
       0
       0
       0
       0
       0
       0
       0
       0
       0
       0
       0
       0
       0
       0
       0
       0
       0
       0
       0
       0
       0
       0
       0
       0
       0
       0
       0
       0
       0
       0
       0
       0
       0
       0
       0
       0
       0
       0
       0
       0
       0
       0
       0
       0
       0
       0
       0
       0
       0
       0
       0
       0
       0
       0
       0
       0
       0
       0
       0
       0
       0
       0
       0
       0
       0
       0
       0
       0
       0
       0
       0
       0
       0
       0
       0
       0
       0
       0
       0
       0
       0
       0
       0
       0
       0
       0
       0
       0
       0
       0
       0
       0
       0
       0
       0
       0
       0
       0
       0
       0
       0
       0
       0
       0
       0
       0
       0
       0
       0
       0
       0
       0
       0
       0
       0
       0
       0
       0
       0
       0
       0
       0
       0
       0
       0
       0
       0
       0
       0
       0
       0
       0
       0
       0
       0
       0
       0
       0
       0
       0
       0
       0
       0
       0
       0
       0
       0
       0
       0
       0
       0
       0
       0
       0
       0
       0
       0
       0
       0
       0
       0
       0
       0
       0
       0
       0
       0
       0
       0
       0
       0
       0
       0
       0
       0
       0
       0
       0
       0
       0
       0
       0
       0
       0
       0
       0
       0
       0
$ROI:
0
$PRESETS:
None
0
0
$ENER_FIT:
1.227954 0.016003
$MCA_CAL:
3
1.227954E+000 1.600306E-002 2.345052E-005 keV
$SHAPE_CAL:
3
0.000000E+000 0.000000E+000 0.000000E+000
