$SPEC_ID:
Fe-55 sample
$SPEC_REM:
DET# 1
DETDESC# DESKTOP-SOU5NOG Easy-MCA-2k SN 14127175
AP# Maestro Version 7.01
$DATE_MEA:
02/01/2023 15:18:43
$MEAS_TIM:
1200 1202
$DATA:
0 2047
       0
       0
       1
     146
     139
      37
      64
     230
     118
     119
      88
      20
      15
       4
       3
       1
       0
       1
       0
       1
       0
       0
       2
       0
       0
       0
       0
       0
       1
       1
       0
       1
       1
       0
       2
       0
       2
       0
       1
       0
       1
       0
       2
       0
       4
       3
       1
       2
       2
       5
       1
       4
       6
       6
       5
       2
       5
      11
       3
       7
       4
       7
       5
       7
       7
       4
       8
       6
       9
      12
      13
       8
       8
      13
       9
       9
       9
      10
      11
       7
       7
      10
      13
       5
       7
      16
       3
       8
       9
       8
       6
       6
       7
       4
       8
       5
       2
       8
       8
       6
       9
       7
       8
      14
       7
      13
      18
      12
      12
      15
      24
      38
      43
      57
      53
      45
      53
      52
      61
      48
      54
      77
      77
      56
      55
      52
      33
      26
      28
      26
      18
      16
      16
      12
      11
       8
      11
       6
       6
       8
       4
       4
       9
      15
       6
       9
       6
       3
       7
       6
       3
       3
       4
       5
       7
       3
       7
       5
       6
       6
       5
       8
       6
       3
       8
       3
       3
       9
       5
       5
       6
       4
       5
       3
       1
       4
       4
       5
       3
       6
       3
       2
       6
       2
       5
       5
       9
       3
       9
       1
       4
       6
       4
       5
       4
       3
       1
       3
       4
       6
       4
       4
       7
       4
       5
       5
       7
       5
       1
       5
       5
       3
       2
       5
       4
       3
      12
       9
       4
       4
      10
       3
       6
      10
      11
       1
       7
       7
       5
       2
       7
       8
       4
       3
       4
       5
       4
       5
       1
       3
       4
      10
       5
       2
       3
       4
       2
       3
       3
       7
      16
      17
      10
      12
      21
      32
      18
      14
      12
       6
      10
       3
       4
       3
       1
       9
       3
       5
       1
       2
       4
       3
       7
       6
       6
       4
       6
       2
       3
      10
      11
       6
       6
       4
      15
       2
       7
       4
       4
       5
       2
       4
       7
       6
       6
       8
       6
       3
       7
       5
       1
       6
       3
       3
       4
       2
       2
       1
       8
       7
       4
       4
       6
       6
       4
       2
       3
       3
       4
       3
       2
       6
       4
       3
       5
       3
       3
       4
       8
       5
       3
       2
       4
       7
       2
       2
       3
       4
       3
       1
       3
       3
       4
       4
       7
       5
       3
       7
       6
       3
       2
       1
       7
       7
       8
      14
       7
       7
       5
      12
      10
       8
       6
       6
       6
       5
       7
       8
       4
       1
       8
       2
       4
       5
       4
      14
      13
       5
       2
       8
       4
       6
       6
       6
       7
       3
       5
       2
       7
       3
      12
       3
       9
       6
       3
       3
       9
      11
       5
       2
       9
       6
       2
       4
       9
       6
       6
       4
       1
       5
       2
       1
       6
       4
       6
       4
       5
       5
       8
      10
       7
       8
       6
       7
      11
       8
       9
      10
      12
       5
       8
       7
       8
       6
       7
       7
       6
       5
       9
      10
       5
       3
       4
       3
       7
       3
       5
       8
       7
       8
      10
      10
       8
       7
       7
       6
       2
       4
       3
       8
       3
       5
       7
      10
       5
       7
       9
      11
      13
       8
      16
      10
       4
      12
       8
       6
      10
      11
      13
       7
       7
       7
      14
       6
      14
      14
       8
       5
      12
       8
      15
       8
       6
       2
      12
       4
       7
       9
      10
      10
      12
       5
      17
      12
      13
      12
      13
      17
      12
      12
       8
       9
       7
       8
      10
       8
      13
      13
      15
       9
      17
      18
      16
      30
      19
       6
      19
      14
       9
      18
      20
      13
      18
      15
      23
      15
      15
      24
      19
      17
      17
      26
      22
      19
      25
      20
      16
      28
      15
      40
      24
      31
      35
      43
      45
      70
      86
     109
     110
     117
     113
      92
      88
      68
      57
      40
      31
      28
      34
      41
      20
      42
      34
      25
      29
      25
      25
      21
      24
      26
      21
      25
      22
      29
      27
      18
      20
      33
      28
      24
      40
      39
      39
      46
      48
      36
      44
      44
      40
      33
      28
      37
      24
      27
      31
      34
      25
      18
      25
      20
      17
      29
      28
      27
      24
      31
      25
      28
      21
      32
      31
      34
      26
      33
      44
      40
      44
      48
      48
      54
      49
      55
      47
      48
      46
      48
      60
      60
      66
      69
      90
     101
     172
     265
     387
     573
     774
     870
    1076
    1074
    1210
    1126
     876
     671
     606
     497
     287
     108
      74
     191
     160
     429
     396
     239
     258
    1001
     103
      56
     138
     430
      28
      32
      36
      20
      22
      36
      29
      94
      76
      49
      30
      13
       6
      16
       9
      14
       7
      12
       8
       5
       8
      27
      12
       7
       8
      10
       8
      14
       3
      18
       7
       6
       6
      11
       2
       2
       2
       3
       2
       3
       6
       5
       1
       6
       3
       2
       6
       5
       4
       4
       1
       2
       0
       2
       2
       4
       0
       5
       3
       4
       2
       3
       1
       0
       2
       3
       0
       4
       4
       0
       3
       2
       2
       6
       3
       2
       4
       2
       1
       0
       3
       3
       3
       1
       0
       1
       2
       2
       1
       0
       0
       3
       1
       0
       1
       1
       3
       1
       2
       0
       0
       1
       1
       1
       0
       0
       1
       1
       0
       0
       0
       2
       1
       0
       0
       0
       0
       0
       0
       0
       0
       0
       0
       0
       0
       0
       0
       1
       0
       0
       0
       0
       0
       0
       1
       0
       0
       1
       0
       0
       0
       0
       0
       1
       0
       0
       1
       0
       0
       0
       0
       0
       0
       0
       0
       0
       0
       0
       0
       0
       0
       0
       0
       0
       0
       0
       0
       0
       0
       0
       0
       0
       0
       0
       0
       0
       0
       0
       0
       0
       0
       0
       0
       0
       0
       0
       0
       0
       0
       0
       0
       0
       0
       0
       0
       0
       0
       0
       0
       0
       0
       0
       0
       0
       0
       0
       0
       0
       0
       0
       0
       0
       0
       0
       0
       0
       0
       0
       0
       0
       0
       0
       0
       0
       0
       0
       0
       0
       0
       0
       0
       0
       0
       0
       0
       0
       0
       0
       0
       0
       0
       0
       0
       0
       0
       0
       0
       0
       0
       0
       0
       0
       0
       0
       0
       0
       0
       0
       0
       0
       0
       0
       0
       0
       0
       0
       0
       0
       0
       0
       0
       0
       0
       0
       0
       0
       0
       0
       0
       0
       0
       0
       0
       0
       0
       0
       0
       0
       0
       0
       0
       0
       0
       0
       0
       0
       0
       0
       0
       0
       0
       0
       0
       0
       0
       0
       0
       0
       0
       0
       0
       0
       0
       0
       0
       0
       0
       0
       0
       0
       0
       0
       0
       0
       0
       0
       0
       0
       0
       0
       0
       0
       0
       0
       0
       0
       0
       0
       0
       0
       0
       0
       0
       0
       0
       0
       0
       0
       0
       0
       0
       0
       0
       0
       0
       0
       0
       0
       0
       0
       0
       0
       0
       0
       0
       0
       0
       0
       0
       0
       0
       0
       0
       0
       0
       0
       0
       0
       0
       0
       0
       0
       0
       0
       0
       0
       0
       0
       0
       0
       0
       0
       0
       0
       0
       0
       0
       0
       0
       0
       0
       0
       0
       0
       0
       0
       0
       0
       0
       0
       0
       0
       0
       0
       0
       0
       0
       0
       0
       0
       0
       0
       0
       0
       0
       0
       0
       0
       0
       0
       0
       0
       0
       0
       0
       0
       0
       0
       0
       0
       0
       0
       0
       0
       0
       0
       0
       0
       0
       0
       0
       0
       0
       0
       0
       0
       0
       0
       0
       0
       0
       0
       0
       0
       0
       0
       0
       0
       0
       0
       0
       0
       0
       0
       0
       0
       0
       0
       0
       0
       0
       0
       0
       0
       0
       0
       0
       0
       0
       0
       0
       0
       0
       0
       0
       0
       0
       0
       0
       0
       0
       0
       0
       0
       0
       0
       0
       0
       0
       0
       0
       0
       0
       0
       0
       0
       0
       0
       0
       0
       0
       0
       0
       0
       0
       0
       0
       0
       0
       0
       0
       0
       0
       0
       0
       0
       0
       0
       0
       0
       0
       0
       0
       0
       0
       0
       0
       0
       0
       0
       0
       0
       0
       0
       0
       0
       0
       0
       0
       0
       0
       0
       0
       0
       0
       0
       0
       0
       0
       0
       0
       0
       0
       0
       0
       0
       0
       0
       0
       0
       0
       0
       0
       0
       0
       0
       0
       0
       0
       0
       0
       0
       0
       0
       0
       0
       0
       0
       0
       0
       0
       0
       0
       0
       0
       0
       0
       0
       0
       0
       0
       0
       0
       0
       0
       0
       0
       0
       0
       0
       0
       0
       0
       0
       0
       0
       0
       0
       0
       0
       0
       0
       0
       0
       0
       0
       0
       0
       0
       0
       0
       0
       0
       0
       0
       0
       0
       0
       0
       0
       0
       0
       0
       0
       0
       0
       0
       0
       0
       0
       0
       0
       0
       0
       0
       0
       0
       0
       0
       0
       0
       0
       0
       0
       0
       0
       0
       0
       0
       0
       0
       0
       0
       0
       0
       0
       0
       0
       0
       0
       0
       0
       0
       0
       0
       0
       0
       0
       0
       0
       0
       0
       0
       0
       0
       0
       0
       0
       0
       0
       0
       0
       0
       0
       0
       0
       0
       0
       0
       0
       0
       0
       0
       0
       0
       0
       0
       0
       0
       0
       0
       0
       0
       0
       0
       0
       0
       0
       0
       0
       0
       0
       0
       0
       0
       0
       0
       0
       0
       0
       0
       0
       0
       0
       0
       0
       0
       0
       0
       0
       0
       0
       0
       0
       0
       0
       0
       0
       0
       0
       0
       0
       0
       0
       0
       0
       0
       0
       0
       0
       0
       0
       0
       0
       0
       0
       0
       0
       0
       0
       0
       0
       0
       0
       0
       0
       0
       0
       0
       0
       0
       0
       0
       0
       0
       0
       0
       0
       0
       0
       0
       0
       0
       0
       0
       0
       0
       0
       0
       0
       0
       0
       0
       0
       0
       0
       0
       0
       0
       0
       0
       0
       0
       0
       0
       0
       0
       0
       0
       0
       0
       0
       0
       0
       0
       0
       0
       0
       0
       0
       0
       0
       0
       0
       0
       0
       0
       0
       0
       0
       0
       0
       0
       0
       0
       0
       0
       0
       0
       0
       0
       0
       0
       0
       0
       0
       0
       0
       0
       0
       0
       0
       0
       0
       0
       0
       0
       0
       0
       0
       0
       0
       0
       0
       0
       0
       0
       0
       0
       0
       0
       0
       0
       0
       0
       0
       0
       0
       0
       0
       0
       0
       0
       0
       0
       0
       0
       0
       0
       0
       0
       0
       0
       0
       0
       0
       0
       0
       0
       0
       0
       0
       0
       0
       0
       0
       0
       0
       0
       0
       0
       0
       0
       0
       0
       0
       0
       0
       0
       0
       0
       0
       0
       0
       0
       0
       0
       0
       0
       0
       0
       0
       0
       0
       0
       0
       0
       0
       0
       0
       0
       0
       0
       0
       0
       0
       0
       0
       0
       0
       0
       0
       0
       0
       0
       0
       0
       0
       0
       0
       0
       0
       0
       0
       0
       0
       0
       0
       0
       0
       0
       0
       0
       0
       0
       0
       0
       0
       0
       0
       0
       0
       0
       0
       0
       0
       0
       0
       0
       0
       0
       0
       0
       0
       0
       0
       0
       0
       0
       0
       0
       0
       0
       0
       0
       0
       0
       0
       0
       0
       0
       0
       0
       0
       0
       0
       0
       0
       0
       0
       0
       0
       0
       0
       0
       0
       0
       0
       0
       0
       0
       0
       0
       0
       0
       0
       0
       0
       0
       0
       0
       0
       0
       0
       0
       0
       0
       0
       0
       0
       0
       0
       0
       0
       0
       0
       0
       0
       0
       0
       0
       0
       0
       0
       0
       0
       0
       0
       0
       0
       0
       0
       0
       0
       0
       0
       0
       0
       0
       0
       0
       0
       0
       0
       0
       0
       0
       0
       0
       0
       0
       0
       0
       0
       0
       0
       0
       0
       0
       0
       0
       0
       0
       0
       0
       0
       0
       0
       0
       0
       0
       0
       0
       0
       0
       0
       0
       0
       0
       0
       0
       0
       0
       0
       0
       0
       0
       0
       0
       0
       0
       0
       0
       0
       0
       0
       0
       0
       0
       0
       0
       0
       0
       0
       0
       0
       0
       0
       0
       0
       0
       0
       0
       0
       0
       0
       0
       0
       0
       0
       0
       0
       0
       0
       0
       0
       0
       0
       0
       0
       0
       0
       0
       0
       0
       0
       0
       0
       0
       0
       0
       0
       0
       0
       0
       0
       0
       0
       0
       0
       0
       0
       0
       0
       0
       0
       0
       0
       0
       0
       0
       0
       0
       0
       0
       0
       0
       0
       0
       0
       0
       0
       0
       0
       0
       0
       0
       0
       0
       0
       0
       0
       0
       0
       0
       0
       0
       0
       0
       0
       0
       0
       0
       0
       0
       0
       0
       0
       0
       0
       0
       0
       0
       0
       0
       0
       0
       0
       0
       0
       0
       0
       0
       0
       0
       0
       0
       0
       0
       0
       0
       0
       0
       0
       0
       0
       0
       0
       0
       0
       0
       0
       0
       0
       0
       0
       0
       0
       0
       0
       0
       0
       0
       0
       0
       0
       0
       0
       0
       0
       0
       0
       0
       0
       0
       0
       0
       0
       0
       0
       0
       0
       0
       0
       0
       0
       0
       0
       0
       0
       0
       0
       0
       0
       0
       0
       0
       0
       0
       0
       0
       0
       0
       0
       0
       0
       0
       0
       0
       0
       0
       0
       0
       0
       0
       0
       0
       0
       0
       0
       0
       0
       0
       0
       0
       0
       0
       0
$ROI:
0
$PRESETS:
None
0
0
$ENER_FIT:
-0.224999 0.029000
$MCA_CAL:
3
-2.249987E-001 2.900000E-002 0.000000E+000 keV
$SHAPE_CAL:
3
0.000000E+000 0.000000E+000 0.000000E+000
