$SPEC_ID:
Fe-55 sample
$SPEC_REM:
DET# 1
DETDESC# DESKTOP-SOU5NOG Easy-MCA-2k SN 14127175
AP# Maestro Version 7.01
$DATE_MEA:
02/01/2023 14:07:38
$MEAS_TIM:
1014 1026
$DATA:
0 2047
       0
       0
       4
     174
     177
      29
      70
     175
     132
     110
      94
      23
      17
       2
       4
       3
       4
       5
       4
       2
       3
       6
       3
       7
       6
       3
       3
       5
       5
       5
       4
       2
       9
       5
       7
       7
      12
       8
       8
       9
       9
      11
      10
      10
      12
       2
      16
       6
      14
       7
      15
      13
      16
      13
       9
      13
       7
       5
      12
      15
      12
      14
       8
      13
      15
      15
      21
       7
       6
      15
      13
      16
      14
      13
      17
      14
      15
      13
      29
      15
      15
      19
      19
      23
      17
      19
      10
      17
      21
      20
       9
      13
      18
      22
      13
      19
      18
      22
      12
      24
      22
      36
      11
      17
      17
      21
      22
      18
      21
      21
      22
      18
      19
      21
      24
      23
      20
      18
      25
      29
      23
      14
      18
      25
      28
      27
      24
      17
      32
      19
      20
      24
      29
      19
      22
      22
      26
      21
      24
      23
      31
      25
      22
      18
      15
      22
      25
      28
      19
      21
      20
      25
      32
      28
      26
      27
      30
      22
      19
      21
      24
      21
      20
      30
      20
      21
      19
      24
      27
      26
      30
      23
      35
      21
      20
      28
      27
      27
      20
      22
      24
      19
      29
      22
      15
      28
      25
      21
      24
      22
      21
      19
      27
      29
      26
      25
      31
      30
      32
      26
      34
      26
      26
      32
      31
      20
      19
      14
      20
      19
      26
      26
      25
      18
      22
      19
      20
      24
      24
      25
      18
      21
      35
      23
      23
      34
      20
      37
      23
      22
      21
      17
      26
      34
      30
      31
      20
      18
      21
      20
      23
      19
      16
      21
      28
      27
      22
      27
      21
      30
      27
      22
      27
      31
      30
      27
      25
      28
      30
      34
      39
      33
      35
      44
      41
      39
      42
      46
      30
      36
      32
      32
      29
      14
      19
      22
      32
      32
      25
      32
      24
      27
      20
      29
      28
      26
      27
      36
      28
      33
      27
      31
      28
      28
      21
      22
      27
      24
      22
      32
      31
      25
      29
      32
      19
      36
      30
      24
      25
      23
      27
      24
      21
      22
      28
      36
      25
      21
      22
      26
      26
      25
      36
      27
      29
      27
      38
      36
      38
      26
      21
      39
      31
      26
      28
      25
      30
      25
      30
      28
      24
      25
      27
      28
      34
      23
      27
      36
      28
      21
      15
      23
      27
      23
      21
      24
      22
      23
      22
      24
      16
      28
      17
      31
      35
      37
      29
      36
      31
      27
      34
      35
      38
      28
      34
      30
      33
      32
      35
      24
      31
      25
      23
      30
      20
      20
      19
      19
      24
      24
      29
      29
      25
      25
      22
      20
      28
      30
      23
      24
      31
      41
      38
      29
      39
      26
      31
      28
      30
      19
      29
      17
      27
      25
      38
      23
      24
      29
      20
      23
      31
      27
      31
      31
      30
      28
      34
      32
      26
      33
      22
      21
      28
      18
      36
      25
      34
      32
      29
      37
      36
      43
      29
      33
      44
      33
      37
      34
      52
      37
      53
      48
      42
      37
      46
      29
      32
      36
      27
      27
      32
      27
      44
      27
      34
      35
      38
      36
      24
      35
      22
      43
      24
      31
      43
      27
      35
      32
      36
      36
      35
      42
      36
      50
      38
      33
      47
      42
      29
      49
      48
      45
      44
      55
      31
      52
      52
      45
      33
      34
      51
      57
      42
      41
      43
      50
      53
      47
      60
      47
      56
      52
      70
      55
      67
      59
      65
      79
      67
      70
      78
      75
      82
      85
      66
      70
      94
      96
     103
      97
      87
     112
      74
      91
      93
     124
      88
     114
     145
     137
     144
     136
     167
     150
     186
     183
     162
     184
     198
     193
     260
     280
     348
     390
     535
     662
     944
    1135
    1509
    1740
    2112
    2307
    2260
    2244
    1894
    1630
    1329
    1094
     950
     849
     965
    1154
    1501
    1999
    2565
    3203
    3901
    4602
    4950
    4933
    4654
    3997
    3164
    2358
    1593
    1134
     769
     543
     413
     366
     292
     215
     203
     192
     162
     192
     197
     202
     200
     271
     320
     385
     445
     411
     442
     414
     376
     315
     279
     229
     185
     148
     145
     141
     149
     130
     111
     135
     151
     166
     200
     292
     338
     513
     750
     933
     982
     874
     749
     538
     364
     279
     236
     214
     177
     147
     108
      97
      76
      82
      67
      48
      43
      43
      44
      32
      26
      31
      38
      51
      31
      34
      26
      44
      32
      33
      24
      34
      29
      32
      28
      29
      34
      25
      27
      35
      29
      22
      16
      25
      25
      15
      36
      27
      22
      28
      24
      29
      22
      29
      23
      20
      17
      32
      23
      28
      30
      36
      28
      28
      25
      38
      92
      63
      79
      95
      80
      76
      65
      50
      91
      79
      34
      26
      21
      17
      13
      23
      21
      20
      22
      27
      25
      30
      24
      25
      17
      19
      20
      23
      16
      26
      18
      40
      46
      46
      89
     645
     449
      75
      66
      39
       8
       7
       3
       4
       2
       5
       2
       8
      16
       9
       9
       7
       8
      14
      19
       9
       2
       1
       3
       1
       0
       2
       2
       2
       4
       1
       2
       2
       1
       2
       1
       0
       1
       2
       1
       0
       1
       1
       1
       1
       1
       1
       1
       0
       0
       2
       1
       0
       1
       0
       0
       2
       0
       1
       1
       1
       1
       1
       1
       0
       3
       0
       1
       0
       1
       0
       2
       1
       1
       1
       1
       1
       0
       0
       1
       0
       0
       0
       0
       1
       1
       0
       0
       0
       0
       0
       0
       1
       1
       1
       0
       0
       0
       1
       0
       0
       0
       1
       0
       0
       0
       0
       0
       0
       0
       0
       0
       0
       0
       0
       0
       0
       0
       0
       0
       0
       0
       0
       0
       0
       0
       0
       0
       0
       0
       0
       0
       0
       0
       0
       0
       0
       0
       0
       0
       0
       0
       0
       0
       0
       0
       0
       0
       0
       0
       0
       0
       0
       0
       0
       0
       0
       0
       0
       0
       0
       0
       0
       0
       0
       0
       0
       0
       0
       0
       0
       0
       0
       0
       0
       0
       0
       0
       0
       0
       0
       0
       0
       0
       0
       0
       0
       0
       0
       0
       0
       0
       0
       0
       0
       0
       0
       0
       0
       0
       0
       0
       0
       0
       0
       0
       0
       0
       0
       0
       0
       0
       0
       0
       0
       0
       0
       0
       0
       0
       0
       0
       1
       0
       0
       0
       0
       0
       0
       0
       0
       0
       0
       0
       0
       0
       0
       0
       0
       0
       0
       0
       0
       0
       0
       0
       0
       0
       0
       0
       0
       0
       0
       1
       0
       0
       0
       0
       0
       0
       0
       0
       0
       0
       0
       0
       0
       0
       0
       0
       0
       0
       0
       0
       0
       0
       0
       0
       0
       0
       0
       0
       0
       0
       0
       0
       0
       0
       0
       0
       0
       0
       0
       0
       0
       0
       0
       0
       0
       0
       0
       0
       0
       0
       0
       0
       0
       0
       0
       0
       0
       0
       0
       0
       0
       0
       0
       0
       0
       0
       0
       0
       0
       0
       0
       0
       0
       0
       0
       0
       0
       0
       0
       0
       0
       0
       0
       0
       0
       0
       0
       0
       0
       0
       0
       0
       0
       0
       0
       0
       0
       0
       0
       0
       0
       0
       0
       0
       0
       0
       0
       0
       0
       0
       0
       0
       0
       0
       0
       0
       0
       0
       0
       0
       0
       0
       0
       0
       0
       0
       0
       0
       0
       0
       0
       0
       0
       0
       0
       0
       0
       0
       0
       0
       0
       0
       0
       0
       0
       0
       0
       0
       0
       0
       0
       0
       0
       0
       0
       0
       0
       0
       0
       0
       0
       0
       0
       0
       0
       0
       0
       0
       0
       0
       0
       0
       0
       0
       0
       0
       0
       0
       0
       0
       0
       0
       0
       0
       0
       0
       0
       0
       0
       0
       0
       0
       0
       0
       0
       0
       0
       0
       0
       0
       0
       0
       0
       0
       0
       0
       0
       0
       0
       0
       0
       0
       0
       0
       0
       0
       0
       0
       0
       0
       0
       0
       0
       0
       0
       0
       0
       0
       0
       0
       0
       0
       0
       0
       0
       0
       0
       0
       0
       0
       0
       0
       0
       0
       0
       0
       0
       0
       0
       0
       0
       0
       0
       0
       0
       0
       0
       0
       0
       0
       0
       0
       0
       0
       0
       0
       0
       0
       0
       0
       0
       0
       0
       0
       0
       0
       0
       0
       0
       0
       0
       0
       0
       0
       0
       0
       0
       0
       0
       0
       0
       0
       0
       0
       0
       0
       0
       0
       0
       0
       0
       0
       0
       0
       0
       0
       0
       0
       0
       0
       0
       0
       0
       0
       0
       0
       0
       0
       0
       0
       0
       0
       0
       0
       0
       0
       0
       0
       0
       0
       0
       0
       0
       0
       0
       0
       0
       0
       0
       0
       0
       0
       0
       0
       0
       0
       0
       0
       0
       0
       0
       0
       0
       0
       0
       0
       0
       0
       0
       0
       0
       0
       0
       0
       0
       0
       0
       0
       0
       0
       0
       0
       0
       0
       0
       0
       0
       0
       0
       0
       0
       0
       0
       0
       0
       0
       0
       0
       0
       0
       0
       0
       0
       0
       0
       0
       0
       0
       0
       0
       0
       0
       0
       0
       0
       0
       0
       0
       0
       0
       0
       0
       0
       0
       0
       0
       0
       0
       0
       0
       0
       0
       0
       0
       0
       0
       0
       0
       0
       0
       0
       0
       0
       0
       0
       0
       0
       0
       0
       0
       0
       0
       0
       0
       0
       0
       0
       0
       0
       0
       0
       0
       0
       0
       0
       0
       0
       0
       0
       0
       0
       0
       0
       0
       0
       0
       0
       0
       0
       0
       0
       0
       0
       0
       0
       0
       0
       0
       0
       0
       0
       0
       0
       0
       0
       0
       0
       0
       0
       0
       0
       0
       0
       0
       0
       0
       0
       0
       0
       0
       0
       0
       0
       0
       0
       0
       0
       0
       0
       0
       0
       0
       0
       0
       0
       0
       0
       0
       0
       0
       0
       0
       0
       0
       0
       0
       0
       0
       0
       0
       0
       0
       0
       0
       0
       0
       0
       0
       0
       0
       0
       0
       0
       0
       0
       0
       0
       0
       0
       0
       0
       0
       0
       0
       0
       0
       0
       0
       0
       0
       0
       0
       0
       0
       0
       0
       0
       0
       0
       0
       0
       0
       0
       0
       0
       0
       0
       0
       0
       0
       0
       0
       0
       0
       0
       0
       0
       0
       0
       0
       0
       0
       0
       0
       0
       0
       0
       0
       0
       0
       0
       0
       0
       0
       0
       0
       0
       0
       0
       0
       0
       0
       0
       0
       0
       0
       0
       0
       0
       0
       0
       0
       0
       0
       0
       0
       0
       0
       0
       0
       0
       0
       0
       0
       0
       0
       0
       0
       0
       0
       0
       0
       0
       0
       0
       0
       0
       0
       0
       0
       0
       0
       0
       0
       0
       0
       0
       0
       0
       0
       0
       0
       0
       0
       0
       0
       0
       0
       0
       0
       0
       0
       0
       0
       0
       0
       0
       0
       0
       0
       0
       0
       0
       0
       0
       0
       0
       0
       0
       0
       0
       0
       0
       0
       0
       0
       0
       0
       0
       0
       0
       0
       0
       0
       0
       0
       0
       0
       0
       0
       0
       0
       0
       0
       0
       0
       0
       0
       0
       0
       0
       0
       0
       0
       0
       0
       0
       0
       0
       0
       0
       0
       0
       0
       0
       0
       0
       0
       0
       0
       0
       0
       0
       0
       0
       0
       0
       0
       0
       0
       0
       0
       0
       0
       0
       0
       0
       0
       0
       0
       0
       0
       0
       0
       0
       0
       0
       0
       0
       0
       0
       0
       0
       0
       0
       0
       0
       0
       0
       0
       0
       0
       0
       0
       0
       0
       0
       0
       0
       0
       0
       0
       0
       0
       0
       0
       0
       0
       0
       0
       0
       0
       0
       0
       0
       0
       0
       0
       0
       0
       0
       0
       0
       0
       0
       0
       0
       0
       0
       0
       0
       0
       0
       0
       0
       0
       0
       0
       0
       0
       0
       0
       0
       0
       0
       0
       0
       0
       0
       0
       0
       0
       0
       0
       0
       0
       0
       0
       0
       0
       0
       0
       0
       0
       0
       0
       0
       0
       0
       0
       0
       0
       0
       0
       0
       0
       0
       0
       0
       0
       0
       0
       0
       0
       0
       0
       0
       0
       0
       0
       0
       0
       0
       0
       0
       0
       0
       0
       0
       0
       0
       0
       0
       0
       0
       0
       0
       0
       0
       0
       0
       0
       0
       0
       0
       0
       0
       0
       0
       0
       0
       0
       0
       0
       0
       0
       0
       0
       0
       0
       0
       0
       0
       0
       0
       0
       0
       0
       0
       0
       0
       0
       0
       0
       0
       0
       0
       0
       0
       0
       0
       0
       0
       0
       0
       0
       0
       0
       0
       0
       0
       0
       0
       0
       0
       0
       0
       0
       0
       0
       0
       0
       0
       0
       0
       0
       0
       0
       0
       0
       0
       0
       0
       0
       0
       0
       0
       0
       0
       0
       0
       0
       0
       0
       0
       0
       0
       0
       0
       0
       0
       0
       0
       0
       0
       0
       0
       0
       0
       0
       0
       0
       0
       0
       0
       0
       0
       0
       0
       0
       0
       0
       0
       0
       0
       0
       0
       0
       0
       0
       0
       0
       0
       0
       0
       0
       0
       0
       0
       0
       0
       0
       0
       0
       0
       0
       0
       0
       0
       0
       0
       0
       0
       0
       0
       0
       0
       0
       0
       0
       0
       0
       0
       0
       0
       0
       0
       0
       0
       0
       0
       0
       0
       0
       0
       0
       0
$ROI:
0
$PRESETS:
None
0
0
$ENER_FIT:
-0.224999 0.029000
$MCA_CAL:
3
-2.249987E-001 2.900000E-002 0.000000E+000 keV
$SHAPE_CAL:
3
0.000000E+000 0.000000E+000 0.000000E+000
