$SPEC_ID:
Fe-55 sample
$SPEC_REM:
DET# 1
DETDESC# DESKTOP-SOU5NOG Easy-MCA-2k SN 14127175
AP# Maestro Version 7.01
$DATE_MEA:
02/15/2023 15:25:18
$MEAS_TIM:
843 858
$DATA:
0 2047
       0
       0
       0
     229
     199
      12
      46
     125
      77
      77
      77
      35
      16
       9
       5
       3
       0
       1
       1
       1
       1
       0
       2
       1
       1
       0
       1
       0
       0
       2
       1
       0
       2
       1
       4
       1
       2
       1
       2
       3
       1
       0
       4
       4
       5
       1
       5
       4
       7
       8
       5
      10
      10
       5
      17
       7
       4
      13
      12
      17
      14
      20
      18
      18
      17
      23
      18
      21
      23
      24
      17
      23
      22
      29
      29
      25
      22
      28
      36
      25
      28
      37
      34
      44
      47
      38
      35
      38
      38
      25
      30
      30
      28
      28
      44
      38
      35
      34
      44
      35
      34
      30
      37
      36
      42
      42
      39
      44
      52
      39
      53
      42
      34
      52
      63
      43
      40
      40
      45
      30
      41
      40
      33
      36
      56
      40
      41
      29
      36
      41
      35
      43
      31
      38
      39
      40
      46
      44
      44
      42
      41
      44
      32
      33
      46
      41
      28
      46
      49
      37
      35
      38
      43
      45
      32
      47
      36
      46
      42
      41
      41
      35
      45
      63
      54
      43
      46
      43
      42
      43
      41
      46
      45
      43
      57
      46
      50
      37
      40
      50
      40
      47
      43
      47
      53
      56
      39
      39
      28
      57
      49
      57
      66
      46
      56
      29
      44
      57
      43
      45
      47
      48
      57
      49
      49
      69
      66
      78
      67
      67
      92
      76
      81
      55
      52
      61
      68
      66
      55
      66
      40
      54
      71
      67
      49
      48
      57
      58
      53
      73
      69
      63
      70
      73
      67
      78
      74
      60
      61
      56
      87
      68
      66
      72
      73
      88
      95
     108
     128
     135
     132
     163
     160
     174
     158
     159
     152
     137
     180
     172
     240
     261
     401
     657
    1105
    1946
    3066
    4639
    6537
    8580
   10431
   11505
   11800
   10706
    9459
    7551
    5655
    3940
    2616
    1782
    1102
     676
     429
     285
     205
     185
     155
     168
     146
     150
     153
     219
     230
     359
     498
     690
     902
    1213
    1441
    1581
    1662
    1649
    1414
    1218
     954
     746
     467
     340
     247
     133
     114
      87
      72
      54
      45
      34
      31
      24
      30
      28
      22
      19
      31
      20
      18
      19
      15
      19
      26
      23
      21
      16
      15
      16
      18
      22
      21
      17
      18
      21
      21
      20
      18
      17
      22
      14
      22
      18
      25
      21
      21
      19
      24
      19
      14
      22
      24
      15
      18
      17
      23
      18
      22
       8
      27
      16
      16
       5
      17
      15
      18
      21
      13
      11
      17
      16
      14
      13
      19
      26
       9
      26
      35
      19
      33
      31
      24
      19
      21
      17
      23
      21
      18
      15
      23
      14
      19
      14
      20
      22
      20
      30
      27
      20
      23
      12
      18
      16
      20
      22
      22
      22
      18
      36
      31
      34
      26
      26
      18
      29
      17
      21
      29
      20
      25
      19
      25
      20
      26
      21
      16
      18
      18
      14
      15
      12
      13
      17
      22
      18
       6
      17
      18
      11
      18
      21
      15
      10
      13
      17
      16
      19
      21
      13
      16
      10
      16
      17
      14
      23
      22
      21
      25
      12
      23
      19
      11
      23
       7
      10
      21
       8
      15
      20
       8
      12
      16
      19
      14
      17
      19
      20
      18
      19
      19
      15
      24
      14
      15
      11
      20
      18
      15
      22
      18
      20
      16
      18
      13
      11
      19
      14
      18
      17
      14
      14
      24
      25
      14
      22
      27
      24
      20
      25
      25
      18
      14
      24
      23
      23
      17
      20
      25
      20
      32
      24
      26
      20
      27
      26
      37
      29
      27
      31
      48
      46
      33
      42
      32
      38
      40
      37
      28
      34
      35
      21
      21
      24
      17
      19
      16
      10
      13
      13
      10
      12
       8
      17
       8
      11
       6
      20
      14
      11
      11
      14
       6
      10
       4
      12
       6
      11
       8
       8
       9
       7
       3
       5
       9
       5
       7
       7
       9
      11
       4
       3
       5
       5
       8
      10
       8
       5
       3
       8
      11
       7
       9
      11
       9
       9
      10
      10
      11
       7
       9
      11
      13
       7
       5
       8
      17
       8
       6
       9
       8
      13
      13
      10
      15
       9
      23
      13
       9
      16
      19
      11
      14
      13
      10
      12
       7
       6
       7
       9
       5
       3
       4
       8
       8
       3
       3
      11
       6
       6
       2
       2
       5
       5
       7
       3
       4
      11
       6
       4
       3
       3
       2
       5
       9
       3
       6
       3
       7
       4
       9
       6
       6
       9
       7
       8
       7
      12
      10
      11
      10
      11
       9
       7
      14
       8
       7
       5
       7
      13
       6
       3
       8
       6
       4
       8
       3
       6
       3
       3
       3
       3
       2
       5
       5
       7
       9
       6
       4
       8
       3
       4
       5
       5
       4
       8
       4
       3
       4
       6
      10
       1
       5
      10
       6
       4
       0
       7
       4
       8
       6
       7
       7
       5
       5
       4
       5
       4
       3
       3
       7
       7
       4
       5
       2
       6
       4
       2
       3
       5
       2
       6
       3
       3
       7
       2
       6
       3
       4
       4
       2
       5
       2
       5
       4
       5
       6
       3
       3
       6
      32
      53
      32
      12
       9
       7
       5
       7
       7
       5
       4
      22
      21
      10
       5
       3
       1
       1
       3
       1
       4
       3
       2
       3
       7
       6
       6
      12
       9
       0
       1
       1
       0
       1
       0
       0
       1
       0
       1
       0
       0
       0
       2
       2
       0
       0
       2
       0
       0
       0
       0
       0
       0
       1
       0
       0
       0
       0
       0
       0
       0
       0
       0
       0
       0
       0
       0
       0
       0
       0
       0
       0
       0
       0
       0
       0
       0
       0
       0
       0
       0
       0
       0
       0
       0
       0
       0
       0
       0
       0
       0
       0
       0
       0
       0
       0
       0
       0
       0
       0
       0
       0
       0
       0
       0
       0
       0
       0
       0
       0
       0
       0
       0
       0
       0
       0
       0
       0
       0
       0
       0
       0
       0
       0
       0
       0
       0
       0
       0
       0
       0
       0
       0
       0
       0
       0
       0
       0
       0
       0
       0
       0
       0
       0
       0
       0
       0
       0
       0
       0
       0
       0
       0
       0
       0
       0
       0
       0
       0
       0
       0
       0
       0
       0
       0
       0
       0
       0
       0
       0
       0
       0
       0
       0
       0
       0
       0
       0
       0
       0
       0
       0
       0
       0
       0
       0
       0
       0
       0
       0
       0
       0
       0
       0
       0
       0
       0
       0
       0
       0
       0
       0
       0
       0
       0
       0
       0
       0
       0
       0
       0
       0
       0
       0
       0
       0
       0
       0
       0
       0
       0
       0
       0
       0
       0
       0
       0
       0
       0
       0
       0
       0
       0
       0
       0
       0
       0
       0
       0
       0
       0
       0
       0
       0
       0
       0
       0
       0
       0
       0
       0
       0
       0
       0
       0
       0
       0
       0
       0
       0
       0
       0
       0
       0
       0
       0
       0
       0
       0
       0
       0
       0
       0
       0
       0
       0
       0
       0
       0
       0
       0
       0
       0
       0
       0
       0
       0
       0
       0
       0
       0
       0
       0
       0
       0
       0
       0
       0
       0
       0
       0
       0
       0
       0
       0
       0
       0
       0
       0
       0
       0
       0
       0
       0
       0
       0
       0
       0
       0
       0
       0
       0
       0
       0
       0
       0
       0
       0
       0
       0
       0
       0
       0
       0
       0
       0
       0
       0
       0
       0
       0
       0
       0
       0
       0
       0
       0
       0
       0
       0
       0
       0
       0
       0
       0
       0
       0
       0
       0
       0
       0
       0
       0
       0
       0
       0
       0
       0
       0
       0
       0
       0
       0
       0
       0
       0
       0
       0
       0
       0
       0
       0
       0
       0
       0
       0
       0
       0
       0
       0
       0
       0
       0
       0
       0
       0
       0
       0
       0
       0
       0
       0
       0
       0
       0
       0
       0
       0
       0
       0
       0
       0
       0
       0
       0
       0
       0
       0
       0
       0
       0
       0
       0
       0
       0
       0
       0
       0
       0
       0
       0
       0
       0
       0
       0
       0
       0
       0
       0
       0
       0
       0
       0
       0
       0
       0
       0
       0
       0
       0
       0
       0
       0
       0
       0
       0
       0
       0
       0
       0
       0
       0
       0
       0
       0
       0
       0
       0
       0
       0
       0
       0
       0
       0
       0
       0
       0
       0
       0
       0
       0
       0
       0
       0
       0
       0
       0
       0
       0
       0
       0
       0
       0
       0
       0
       0
       0
       0
       0
       0
       0
       0
       0
       0
       0
       0
       0
       0
       0
       0
       0
       0
       0
       0
       0
       0
       0
       0
       0
       0
       0
       0
       0
       0
       0
       0
       0
       0
       0
       0
       0
       0
       0
       0
       0
       0
       0
       0
       0
       0
       0
       0
       0
       0
       0
       0
       0
       0
       0
       0
       0
       0
       0
       0
       0
       0
       0
       0
       0
       0
       0
       0
       0
       0
       0
       0
       0
       0
       0
       0
       0
       0
       0
       0
       0
       0
       0
       0
       0
       0
       0
       0
       0
       0
       0
       0
       0
       0
       0
       0
       0
       0
       0
       0
       0
       0
       0
       0
       0
       0
       0
       0
       0
       0
       0
       0
       0
       0
       0
       0
       0
       0
       0
       0
       0
       0
       0
       0
       0
       0
       0
       0
       0
       0
       0
       0
       0
       0
       0
       0
       0
       0
       0
       0
       0
       0
       0
       0
       0
       0
       0
       0
       0
       0
       0
       0
       0
       0
       0
       0
       0
       0
       0
       0
       0
       0
       0
       0
       0
       0
       0
       0
       0
       0
       0
       0
       0
       0
       0
       0
       0
       0
       0
       0
       0
       0
       0
       0
       0
       0
       0
       0
       0
       0
       0
       0
       0
       0
       0
       0
       0
       0
       0
       0
       0
       0
       0
       0
       0
       0
       0
       0
       0
       0
       0
       0
       0
       0
       0
       0
       0
       0
       0
       0
       0
       0
       0
       0
       0
       0
       0
       0
       0
       0
       0
       0
       0
       0
       0
       0
       0
       0
       0
       0
       0
       0
       0
       0
       0
       0
       0
       0
       0
       0
       0
       0
       0
       0
       0
       0
       0
       0
       0
       0
       0
       0
       0
       0
       0
       0
       0
       0
       0
       0
       0
       0
       0
       0
       0
       0
       0
       0
       0
       0
       0
       0
       0
       0
       0
       0
       0
       0
       0
       0
       0
       0
       0
       0
       0
       0
       0
       0
       0
       0
       0
       0
       0
       0
       0
       0
       0
       0
       0
       0
       0
       0
       0
       0
       0
       0
       0
       0
       0
       0
       0
       0
       0
       0
       0
       0
       0
       0
       0
       0
       0
       0
       0
       0
       0
       0
       0
       0
       0
       0
       0
       0
       0
       0
       0
       0
       0
       0
       0
       0
       0
       0
       0
       0
       0
       0
       0
       0
       0
       0
       0
       0
       0
       0
       0
       0
       0
       0
       0
       0
       0
       0
       0
       0
       0
       0
       0
       0
       0
       0
       0
       0
       0
       0
       0
       0
       0
       0
       0
       0
       0
       0
       0
       0
       0
       0
       0
       0
       0
       0
       0
       0
       0
       0
       0
       0
       0
       0
       0
       0
       0
       0
       0
       0
       0
       0
       0
       0
       0
       0
       0
       0
       0
       0
       0
       0
       0
       0
       0
       0
       0
       0
       0
       0
       0
       0
       0
       0
       0
       0
       0
       0
       0
       0
       0
       0
       0
       0
       0
       0
       0
       0
       0
       0
       0
       0
       0
       0
       0
       0
       0
       0
       0
       0
       0
       0
       0
       0
       0
       0
       0
       0
       0
       0
       0
       0
       0
       0
       0
       0
       0
       0
       0
       0
       0
       0
       0
       0
       0
       0
       0
       0
       0
       0
       0
       0
       0
       0
       0
       0
       0
       0
       0
       0
       0
       0
       0
       0
       0
       0
       0
       0
       0
       0
       0
       0
       0
       0
       0
       0
       0
       0
       0
       0
       0
       0
       0
       0
       0
       0
       0
       0
       0
       0
       0
       0
       0
       0
       0
       0
       0
       0
       0
       0
       0
       0
       0
       0
       0
       0
       0
       0
       0
       0
       0
       0
       0
       0
       0
       0
       0
       0
       0
       0
       0
       0
       0
       0
       0
       0
       0
       0
       0
       0
       0
       0
       0
       0
       0
       0
       0
       0
       0
       0
       0
       0
       0
       0
       0
       0
       0
       0
       0
       0
       0
       0
       0
       0
       0
       0
       0
       0
       0
       0
       0
       0
       0
       0
       0
       0
       0
       0
       0
       0
       0
       0
       0
       0
       0
       0
       0
       0
       0
       0
       0
       0
       0
       0
       0
       0
       0
       0
       0
       0
       0
       0
       0
       0
       0
       0
       0
       0
       0
       0
       0
       0
       0
       0
       0
       0
       0
       0
       0
       0
       0
       0
       0
       0
       0
       0
       0
       0
       0
       0
       0
       0
       0
       0
       0
       0
       0
       0
       0
       0
       0
       0
       0
       0
       0
       0
       0
       0
       0
       0
       0
       0
       0
       0
       0
       0
       0
       0
       0
       0
       0
       0
       0
       0
       0
       0
       0
       0
       0
       0
       0
       0
       0
       0
       0
       0
       0
       0
       0
       0
       0
       0
       0
       0
       0
       0
       0
       0
       0
       0
       0
       0
       0
       0
       0
       0
       0
       0
       0
       0
       0
       0
       0
       0
       0
       0
       0
       0
       0
       0
       0
       0
       0
       0
       0
       0
       0
       0
       0
       0
       0
       0
       0
       0
       0
       0
       0
       0
       0
       0
       0
       0
       0
       0
       0
       0
       0
       0
       0
       0
       0
       0
       0
       0
       0
       0
       0
       0
       0
       0
       0
       0
       0
       0
       0
       0
$ROI:
0
$PRESETS:
Live Time
1800
0
$ENER_FIT:
-0.224999 0.029000
$MCA_CAL:
3
-2.249987E-001 2.900000E-002 0.000000E+000 keV
$SHAPE_CAL:
3
0.000000E+000 0.000000E+000 0.000000E+000
