$SPEC_ID:
Fe-55 sample
$SPEC_REM:
DET# 1
DETDESC# DESKTOP-SOU5NOG Easy-MCA-2k SN 14127175
AP# Maestro Version 7.01
$DATE_MEA:
02/01/2023 14:44:36
$MEAS_TIM:
690 699
$DATA:
0 2047
       0
       0
       0
     211
      97
      14
      52
     137
      86
      80
      60
      11
       5
       5
       5
       2
       2
       3
       1
       1
       2
       2
       3
       3
       4
       5
       1
       0
       2
       1
       3
       1
       5
       3
       3
       2
       2
       4
       4
       4
       4
       8
       1
       6
       5
       3
       5
       6
       5
       7
       8
       8
       7
       7
       7
       6
      10
      10
       6
       7
       7
       4
      10
      11
       4
      13
      14
      13
      11
      15
       9
      11
      16
      21
      11
      19
      17
      18
      22
      17
      14
      11
      23
      17
      19
      18
      15
      15
      19
      12
      17
      19
      18
      23
      21
      17
      24
      23
       9
      25
      14
      21
      17
      16
      13
      14
      26
      21
      22
      15
      19
      22
      20
      17
      15
      22
      18
      21
      14
      18
      16
      19
      24
      17
      21
      21
      20
      13
      23
      19
      19
      28
      22
      29
      15
      17
      21
      27
      22
      26
      18
      16
      14
      19
      19
      24
      18
      20
      19
      19
      23
      23
      20
      23
      27
      36
      21
      30
      20
      28
      17
      22
      26
      24
      25
      31
      18
      22
      18
      28
      25
      13
      30
      18
      25
      21
      19
      19
      24
      20
      31
      24
      16
      23
      25
      23
      15
      20
      20
      18
      21
      23
      18
      25
      23
      26
      25
      25
      27
      26
      21
      23
      27
      18
      20
      24
      24
      15
      35
      20
      19
      28
      25
      23
      27
      28
      28
      29
      43
      46
      32
      32
      30
      26
      19
      17
      24
      27
      28
      17
      28
      34
      23
      25
      19
      27
      24
      30
      31
      32
      32
      30
      24
      24
      27
      12
      28
      25
      24
      32
      36
      31
      33
      38
      40
      38
      38
      38
      34
      32
      27
      24
      24
      27
      29
      28
      31
      22
      27
      24
      24
      25
      25
      37
      37
      28
      28
      36
      27
      40
      28
      31
      38
      26
      28
      29
      35
      23
      35
      30
      30
      49
      31
      37
      31
      45
      57
      46
      47
      65
      44
      44
      47
      49
      54
      67
      83
      94
     129
     156
     187
     194
     208
     213
     188
     153
     103
      85
      75
      53
      55
      50
      36
      60
      32
      42
      41
      42
      32
      53
      51
      49
      41
      48
      59
      66
      58
      72
      75
      70
      71
      88
      85
      88
     114
     119
     129
     218
     265
     370
     563
     812
    1134
    1633
    2208
    2728
    3347
    3508
    3482
    3298
    2776
    2175
    1517
     945
     559
     351
     192
     129
     103
      77
      57
      53
      63
      49
      53
      48
      64
      52
      58
      75
      74
      70
      84
     100
      89
      91
      92
      90
      77
      54
      54
      40
      42
      44
      54
      42
      45
      58
      44
      53
      48
      51
      52
      61
      57
      96
      83
      97
     107
     134
     142
     186
     212
     262
     304
     296
     351
     358
     436
     527
     657
     914
    1172
    1626
    1973
    2390
    2597
    2642
    2481
    2146
    1739
    1341
     948
     642
     483
     366
     233
     199
     175
     145
     133
     129
     107
      74
      53
      59
      53
      49
      32
      34
      30
      33
      25
      30
      21
      24
      14
      16
      25
      11
      15
      17
      22
      13
      13
      20
      14
      14
      20
      13
      19
      27
      27
      12
      20
      22
      23
      21
      26
      26
      23
      35
      28
      27
      32
      22
      36
      44
      32
      67
      89
     150
     168
     211
     233
     241
     236
     239
     157
     141
     137
      93
      84
      54
      78
      86
      76
      76
      66
      70
      74
      55
      38
      28
      20
      20
      20
      14
      21
      14
      20
      22
      16
      19
      21
      22
      21
      14
      15
      22
      12
      15
      20
      18
      14
      16
      15
      22
      14
      15
      18
      16
      25
      15
      11
      12
      17
      12
      19
      12
      22
      12
      27
      17
      17
      20
      33
      32
      55
      54
      60
      45
      38
      44
      25
      21
      18
      21
      15
      12
      26
      20
      26
      18
      20
      19
      29
      15
      15
      17
      21
      17
      10
      18
      15
      14
      23
      24
      17
      22
      28
      13
      27
      25
      28
      27
      34
      30
      18
      15
      24
      30
      28
      21
      27
      17
      22
      21
      12
      16
      19
      21
      25
      19
      22
      21
      23
      21
      14
      24
      17
      19
      18
      18
      20
      10
      22
      15
      19
      22
      11
      18
      17
      16
      24
      26
      14
      21
      24
      16
      20
      21
       9
      12
      11
       9
       8
       7
       7
       8
      11
      14
       7
      18
      14
      14
      11
      14
      12
      15
      15
      10
       8
       8
      16
     133
      59
       2
       6
       0
       2
       1
       0
       0
       0
       0
       0
       0
       0
       0
       0
       0
       0
       0
       0
       0
       0
       0
       0
       0
       0
       0
       0
       0
       0
       0
       0
       0
       0
       0
       0
       0
       0
       0
       0
       0
       0
       0
       0
       0
       0
       0
       0
       0
       0
       0
       0
       0
       0
       0
       0
       0
       0
       0
       0
       0
       0
       0
       0
       0
       0
       0
       0
       0
       0
       0
       0
       0
       0
       0
       0
       0
       0
       0
       0
       0
       0
       0
       0
       0
       0
       0
       0
       0
       0
       0
       0
       0
       0
       0
       0
       0
       0
       0
       0
       0
       0
       0
       0
       0
       0
       0
       0
       0
       0
       0
       0
       0
       0
       0
       0
       0
       0
       0
       0
       0
       0
       0
       0
       0
       0
       0
       0
       0
       0
       0
       0
       0
       0
       0
       0
       0
       0
       0
       0
       0
       0
       0
       0
       0
       0
       0
       0
       0
       0
       0
       0
       0
       0
       0
       0
       0
       0
       0
       0
       0
       0
       0
       0
       0
       0
       0
       0
       0
       0
       0
       0
       0
       0
       0
       0
       0
       0
       0
       0
       0
       0
       0
       0
       0
       0
       0
       0
       0
       0
       0
       0
       0
       0
       0
       0
       0
       0
       0
       0
       0
       0
       0
       0
       0
       0
       0
       0
       0
       0
       0
       0
       0
       0
       0
       0
       0
       0
       0
       0
       0
       0
       0
       0
       0
       0
       0
       0
       0
       0
       0
       0
       0
       0
       0
       0
       0
       0
       0
       0
       0
       0
       0
       0
       0
       0
       0
       0
       0
       0
       0
       0
       0
       0
       0
       0
       0
       0
       0
       0
       0
       0
       0
       0
       0
       0
       0
       0
       0
       0
       0
       0
       0
       0
       0
       0
       0
       0
       0
       0
       0
       0
       0
       0
       0
       0
       0
       0
       0
       0
       0
       0
       0
       0
       0
       0
       0
       0
       0
       0
       0
       0
       0
       0
       0
       0
       0
       0
       0
       0
       0
       0
       0
       0
       0
       0
       0
       0
       0
       0
       0
       0
       0
       0
       0
       0
       0
       0
       0
       0
       0
       0
       0
       0
       0
       0
       0
       0
       0
       0
       0
       0
       0
       0
       0
       0
       0
       0
       0
       0
       0
       0
       0
       0
       0
       0
       0
       0
       0
       0
       0
       0
       0
       0
       0
       0
       0
       0
       0
       0
       0
       0
       0
       0
       0
       0
       0
       0
       0
       0
       0
       0
       0
       0
       0
       0
       0
       0
       0
       0
       0
       0
       0
       0
       0
       0
       0
       0
       0
       0
       0
       0
       0
       0
       0
       0
       0
       0
       0
       0
       0
       0
       0
       0
       0
       0
       0
       0
       0
       0
       0
       0
       0
       0
       0
       0
       0
       0
       0
       0
       0
       0
       0
       0
       0
       0
       0
       0
       0
       0
       0
       0
       0
       0
       0
       0
       0
       0
       0
       0
       0
       0
       0
       0
       0
       0
       0
       0
       0
       0
       0
       0
       0
       0
       0
       0
       0
       0
       0
       0
       0
       0
       0
       0
       0
       0
       0
       0
       0
       0
       0
       0
       0
       0
       0
       0
       0
       0
       0
       0
       0
       0
       0
       0
       0
       0
       0
       0
       0
       0
       0
       0
       0
       0
       0
       0
       0
       0
       0
       0
       0
       0
       0
       0
       0
       0
       0
       0
       0
       0
       0
       0
       0
       0
       0
       0
       0
       0
       0
       0
       0
       0
       0
       0
       0
       0
       0
       0
       0
       0
       0
       0
       0
       0
       0
       0
       0
       0
       0
       0
       0
       0
       0
       0
       0
       0
       0
       0
       0
       0
       0
       0
       0
       0
       0
       0
       0
       0
       0
       0
       0
       0
       0
       0
       0
       0
       0
       0
       0
       0
       0
       0
       0
       0
       0
       0
       0
       0
       0
       0
       0
       0
       0
       0
       0
       0
       0
       0
       0
       0
       0
       0
       0
       0
       0
       0
       0
       0
       0
       0
       0
       0
       0
       0
       0
       0
       0
       0
       0
       0
       0
       0
       0
       0
       0
       0
       0
       0
       0
       0
       0
       0
       0
       0
       0
       0
       0
       0
       0
       0
       0
       0
       0
       0
       0
       0
       0
       0
       0
       0
       0
       0
       0
       0
       0
       0
       0
       0
       0
       0
       0
       0
       0
       0
       0
       0
       0
       0
       0
       0
       0
       0
       0
       0
       0
       0
       0
       0
       0
       0
       0
       0
       0
       0
       0
       0
       0
       0
       0
       0
       0
       0
       0
       0
       0
       0
       0
       0
       0
       0
       0
       0
       0
       0
       0
       0
       0
       0
       0
       0
       0
       0
       0
       0
       0
       0
       0
       0
       0
       0
       0
       0
       0
       0
       0
       0
       0
       0
       0
       0
       0
       0
       0
       0
       0
       0
       0
       0
       0
       0
       0
       0
       0
       0
       0
       0
       0
       0
       0
       0
       0
       0
       0
       0
       0
       0
       0
       0
       0
       0
       0
       0
       0
       0
       0
       0
       0
       0
       0
       0
       0
       0
       0
       0
       0
       0
       0
       0
       0
       0
       0
       0
       0
       0
       0
       0
       0
       0
       0
       0
       0
       0
       0
       0
       0
       0
       0
       0
       0
       0
       0
       0
       0
       0
       0
       0
       0
       0
       0
       0
       0
       0
       0
       0
       0
       0
       0
       0
       0
       0
       0
       0
       0
       0
       0
       0
       0
       0
       0
       0
       0
       0
       0
       0
       0
       0
       0
       0
       0
       0
       0
       0
       0
       0
       0
       0
       0
       0
       0
       0
       0
       0
       0
       0
       0
       0
       0
       0
       0
       0
       0
       0
       0
       0
       0
       0
       0
       0
       0
       0
       0
       0
       0
       0
       0
       0
       0
       0
       0
       0
       0
       0
       0
       0
       0
       0
       0
       0
       0
       0
       0
       0
       0
       0
       0
       0
       0
       0
       0
       0
       0
       0
       0
       0
       0
       0
       0
       0
       0
       0
       0
       0
       0
       0
       0
       0
       0
       0
       0
       0
       0
       0
       0
       0
       0
       0
       0
       0
       0
       0
       0
       0
       0
       0
       0
       0
       0
       0
       0
       0
       0
       0
       0
       0
       0
       0
       0
       0
       0
       0
       0
       0
       0
       0
       0
       0
       0
       0
       0
       0
       0
       0
       0
       0
       0
       0
       0
       0
       0
       0
       0
       0
       0
       0
       0
       0
       0
       0
       0
       0
       0
       0
       0
       0
       0
       0
       0
       0
       0
       0
       0
       0
       0
       0
       0
       0
       0
       0
       0
       0
       0
       0
       0
       0
       0
       0
       0
       0
       0
       0
       0
       0
       0
       0
       0
       0
       0
       0
       0
       0
       0
       0
       0
       0
       0
       0
       0
       0
       0
       0
       0
       0
       0
       0
       0
       0
       0
       0
       0
       0
       0
       0
       0
       0
       0
       0
       0
       0
       0
       0
       0
       0
       0
       0
       0
       0
       0
       0
       0
       0
       0
       0
       0
       0
       0
       0
       0
       0
       0
       0
       0
       0
       0
       0
       0
       0
       0
       0
       0
       0
       0
       0
       0
       0
       0
       0
       0
       0
       0
       0
       0
       0
       0
       0
       0
       0
       0
       0
       0
       0
       0
       0
       0
       0
       0
       0
       0
       0
       0
       0
       0
       0
       0
       0
       0
       0
       0
       0
       0
       0
       0
       0
       0
       0
       0
       0
       0
       0
       0
       0
       0
       0
       0
       0
       0
       0
       0
       0
       0
       0
       0
       0
       0
       0
       0
       0
       0
       0
       0
       0
       0
       0
       0
       0
       0
       0
       0
       0
       0
       0
       0
       0
       0
       0
       0
       0
       0
       0
       0
       0
       0
       0
       0
       0
       0
       0
       0
       0
       0
       0
       0
       0
       0
       0
       0
       0
       0
       0
       0
       0
       0
       0
       0
       0
       0
       0
       0
       0
       0
       0
       0
       0
       0
       0
       0
       0
       0
       0
       0
       0
       0
       0
       0
       0
       0
       0
       0
       0
       0
       0
       0
       0
       0
       0
       0
       0
       0
       0
       0
       0
       0
       0
       0
       0
       0
       0
       0
       0
       0
       0
       0
       0
       0
       0
       0
       0
       0
       0
       0
       0
       0
       0
       0
       0
       0
       0
       0
       0
       0
       0
       0
       0
       0
       0
       0
       0
       0
       0
       0
       0
       0
       0
       0
       0
       0
       0
       0
       0
       0
       0
       0
       0
       0
       0
       0
       0
       0
       0
       0
       0
       0
       0
       0
       0
       0
       0
       0
       0
       0
       0
       0
       0
       0
       0
       0
       0
       0
       0
       0
       0
       0
       0
       0
       0
       0
       0
       0
       0
       0
       0
       0
       0
       0
       0
       0
       0
       0
       0
       0
       0
       0
       0
       0
       0
       0
       0
       0
       0
       0
       0
       0
       0
       0
       0
       0
       0
       0
       0
       0
       0
       0
       0
       0
       0
       0
       0
       0
       0
       0
       0
       0
       0
       0
       0
       0
       0
       0
       0
       0
       0
       0
       0
       0
       0
       0
       0
       0
       0
       0
       0
       0
       0
       0
$ROI:
0
$PRESETS:
None
0
0
$ENER_FIT:
-0.224999 0.029000
$MCA_CAL:
3
-2.249987E-001 2.900000E-002 0.000000E+000 keV
$SHAPE_CAL:
3
0.000000E+000 0.000000E+000 0.000000E+000
