$SPEC_ID:
Fe-55 sample
$SPEC_REM:
DET# 1
DETDESC# DESKTOP-SOU5NOG Easy-MCA-2k SN 14127175
AP# Maestro Version 7.01
$DATE_MEA:
02/15/2023 14:02:14
$MEAS_TIM:
1800 1807
$DATA:
0 2047
       0
       0
       0
     193
     235
      43
     104
     324
     173
     179
     135
      53
      24
       8
       5
       2
       2
       2
       2
       4
       3
       0
       2
       0
       1
       0
       2
       3
       4
       4
       5
       5
       3
       3
       7
       7
       5
       3
       2
       5
       2
       8
       3
       5
       3
       7
       4
      10
       7
      11
       8
      11
      13
       7
      12
      11
      11
      14
       7
      14
       5
      16
      16
      14
      16
      10
      12
      14
      10
      13
      16
      19
      16
      14
      13
      17
      13
       8
      19
      11
      14
      10
       9
      11
      16
      13
      10
      19
      16
      16
      19
      14
      19
      27
      25
      19
      29
      36
      25
      27
      37
      30
      28
      32
      23
      25
      23
      20
      23
      16
      17
      24
      15
      19
      15
      13
       9
      12
      10
       7
      16
      12
      19
      11
      12
       7
      11
      19
      11
      14
      12
      15
       9
      11
      13
      11
      17
      16
      12
       6
      16
      17
      14
      13
       9
       8
       7
      15
      12
      13
       9
       8
       8
      11
      14
      13
      15
       6
      16
      13
      12
      15
      13
      14
      10
      18
      15
      13
      11
      13
      10
      11
      12
      18
      12
       9
      18
      13
      20
      10
      15
      15
      11
      12
      21
      23
      17
      15
       8
      12
      15
      17
      15
      19
      21
      19
      14
      14
      16
      15
      11
      15
      15
      17
      16
      18
      11
      14
      16
      15
      14
      16
      13
      13
      12
      20
       6
      21
      20
      19
      10
      22
      24
      15
      20
      15
      12
      14
      15
      16
      20
      15
      17
      10
      18
      27
      16
      18
      20
       6
      19
      13
      12
      22
      20
      13
      16
      19
      12
      21
      15
      19
      29
      45
      25
      38
      30
      34
      20
      23
      35
      21
      27
      26
      20
      19
      15
      12
      15
      18
      14
      15
      24
      20
      16
      15
      16
      15
      16
      23
      18
      20
      25
      22
      18
      23
      21
      22
      13
      14
      18
      20
      21
      13
       9
      18
      17
      15
      19
      15
      23
      15
      17
      17
      13
      15
      14
      14
      14
      10
      30
      18
      22
      18
      22
      15
      19
      26
      23
      18
      20
      26
      32
      26
      36
      21
      23
      19
      23
      20
      15
      19
      12
      20
       6
       9
      12
      19
      22
      10
      12
      14
       9
      12
      13
      16
      19
      11
      15
      15
      14
      18
      15
      16
      12
      12
      22
      16
      19
      15
      21
      10
      19
      16
      14
      15
      17
      16
      12
      13
       9
      22
      23
      19
      13
      25
      23
      27
      20
      17
      29
      21
      24
      19
      18
      15
      12
      25
      21
      18
      21
      23
      16
      17
      25
      22
      18
      18
      15
      22
      22
       9
      15
      10
      14
      19
      13
      14
      12
      17
      11
      20
      20
      16
      14
      15
      17
      13
      15
      18
      20
      14
      15
      19
      16
      13
      22
      22
      23
       9
      24
      25
      16
      15
      22
      17
      21
      11
      11
      20
      31
      26
      24
      16
      17
      20
      31
      12
      11
      21
      17
      22
      19
      14
      12
      14
      16
      14
      18
      17
      23
      15
      17
      17
      17
      20
      24
      24
      17
      15
      18
      17
      26
      21
      24
      19
      17
      17
      20
      15
      19
      21
      19
      12
      19
      25
      25
      18
      15
      17
      13
      21
      18
      22
      20
      34
      21
      29
      27
      27
      11
      32
      14
      15
      12
      17
      17
      29
      17
      22
      20
      21
      25
      22
      21
      28
      26
      25
      30
      23
      28
      33
      32
      26
      28
      32
      38
      46
      34
      32
      39
      35
      30
      46
      32
      34
      28
      37
      39
      35
      41
      39
      37
      47
      42
      45
      38
      39
      35
      51
      54
      41
      45
      37
      52
      55
      54
      57
      56
      80
      58
      74
      82
      63
      68
      84
      59
      49
      65
      69
      78
      54
      58
      56
      56
      64
      58
      72
      67
      80
      74
      83
      73
      87
      79
     105
      96
     117
      90
     111
     110
     122
     141
     144
     146
     182
     240
     319
     411
     519
     697
     911
    1134
    1353
    1598
    1636
    1759
    1707
    1789
    2030
    2150
    2263
    2133
    2080
    1700
    1438
    1144
     930
     720
     586
     475
     359
     295
     313
     264
     267
     286
     300
     303
     279
     301
     291
     298
     272
     338
     364
     356
     371
     387
     332
     342
     388
     396
     454
     488
     532
     524
     466
     440
     441
     382
     325
     257
     242
     234
     203
     185
     198
     180
     222
     180
     170
     212
     210
     184
     218
     225
     259
     230
     186
     195
     201
     208
     204
     175
     185
     194
     182
     159
     136
     162
     162
     130
     140
     119
     132
     129
     119
      99
     100
      87
     103
     108
      94
      79
     102
     114
     161
     211
     264
     268
     323
     395
     324
     344
     358
     282
     300
     288
     312
     311
     301
     270
     281
     236
     226
     210
     194
     162
     130
     106
     117
     116
     104
      95
      89
      89
      83
      65
      61
      53
      45
      54
      42
      38
      36
      29
      30
      14
      22
      21
      26
      31
      32
      33
      52
      47
      42
      67
      54
      45
      39
      35
      37
      43
      54
      49
      39
      49
      35
      48
      42
      36
      25
      20
      20
      27
      26
      27
      23
       9
      16
      13
      13
      13
       9
      10
      18
      12
      10
      10
       8
       8
       6
       6
       9
       8
      19
      10
      12
       6
       7
      10
       6
       5
       7
      10
       8
       0
       6
       4
       3
       3
       3
       4
       2
       2
       1
       1
       2
       2
       1
       3
       0
       3
       1
       3
       0
       4
       3
       3
       3
       0
       2
       2
       2
       1
       0
       1
       0
       3
       1
       0
       0
       2
       0
       0
       0
       0
       0
       0
       0
       0
       0
       0
       0
       0
       0
       0
       0
       0
       0
       0
       0
       0
       0
       0
       0
       0
       0
       0
       0
       0
       0
       0
       0
       0
       0
       0
       0
       0
       0
       0
       0
       0
       0
       0
       0
       0
       0
       0
       0
       0
       0
       0
       0
       0
       0
       0
       0
       0
       0
       0
       0
       0
       0
       0
       0
       0
       0
       0
       0
       0
       0
       0
       0
       0
       0
       0
       0
       0
       0
       0
       0
       0
       0
       0
       0
       0
       0
       0
       0
       0
       0
       0
       0
       0
       0
       0
       0
       0
       0
       0
       0
       0
       0
       0
       0
       0
       0
       0
       0
       0
       0
       0
       0
       0
       0
       0
       0
       0
       0
       0
       0
       0
       0
       0
       0
       0
       0
       0
       0
       0
       0
       0
       0
       0
       0
       0
       0
       0
       0
       0
       0
       0
       0
       0
       0
       0
       0
       0
       0
       0
       0
       0
       0
       0
       0
       0
       0
       0
       0
       0
       0
       0
       0
       0
       0
       0
       0
       0
       0
       0
       0
       0
       0
       0
       0
       0
       0
       0
       0
       0
       0
       0
       0
       0
       0
       0
       0
       0
       0
       0
       0
       0
       0
       0
       0
       0
       0
       0
       0
       0
       0
       0
       0
       0
       0
       0
       0
       0
       0
       0
       0
       0
       0
       0
       0
       0
       0
       0
       0
       0
       0
       0
       0
       0
       0
       0
       0
       0
       0
       0
       0
       0
       0
       0
       0
       0
       0
       0
       0
       0
       0
       0
       0
       0
       0
       0
       0
       0
       0
       0
       0
       0
       0
       0
       0
       0
       0
       0
       0
       0
       0
       0
       0
       0
       0
       0
       0
       0
       0
       0
       0
       0
       0
       0
       0
       0
       0
       0
       0
       0
       0
       0
       0
       0
       0
       0
       0
       0
       0
       0
       0
       0
       0
       0
       0
       0
       0
       0
       0
       0
       0
       0
       0
       0
       0
       0
       0
       0
       0
       0
       0
       0
       0
       0
       0
       0
       0
       0
       0
       0
       0
       0
       0
       0
       0
       0
       0
       0
       0
       0
       0
       0
       0
       0
       0
       0
       0
       0
       0
       0
       0
       0
       0
       0
       0
       0
       0
       0
       0
       0
       0
       0
       0
       0
       0
       0
       0
       0
       0
       0
       0
       0
       0
       0
       0
       0
       0
       0
       0
       0
       0
       0
       0
       0
       0
       0
       0
       0
       0
       0
       0
       0
       0
       0
       0
       0
       0
       0
       0
       0
       0
       0
       0
       0
       0
       0
       0
       0
       0
       0
       0
       0
       0
       0
       0
       0
       0
       0
       0
       0
       0
       0
       0
       0
       0
       0
       0
       0
       0
       0
       0
       0
       0
       0
       0
       0
       0
       0
       0
       0
       0
       0
       0
       0
       0
       0
       0
       0
       0
       0
       0
       0
       0
       0
       0
       0
       0
       0
       0
       0
       0
       0
       0
       0
       0
       0
       0
       0
       0
       0
       0
       0
       0
       0
       0
       0
       0
       0
       0
       0
       0
       0
       0
       0
       0
       0
       0
       0
       0
       0
       0
       0
       0
       0
       0
       0
       0
       0
       0
       0
       0
       0
       0
       0
       0
       0
       0
       0
       0
       0
       0
       0
       0
       0
       0
       0
       0
       0
       0
       0
       0
       0
       0
       0
       0
       0
       0
       0
       0
       0
       0
       0
       0
       0
       0
       0
       0
       0
       0
       0
       0
       0
       0
       0
       0
       0
       0
       0
       0
       0
       0
       0
       0
       0
       0
       0
       0
       0
       0
       0
       0
       0
       0
       0
       0
       0
       0
       0
       0
       0
       0
       0
       0
       0
       0
       0
       0
       0
       0
       0
       0
       0
       0
       0
       0
       0
       0
       0
       0
       0
       0
       0
       0
       0
       0
       0
       0
       0
       0
       0
       0
       0
       0
       0
       0
       0
       0
       0
       0
       0
       0
       0
       0
       0
       0
       0
       0
       0
       0
       0
       0
       0
       0
       0
       0
       0
       0
       0
       0
       0
       0
       0
       0
       0
       0
       0
       0
       0
       0
       0
       0
       0
       0
       0
       0
       0
       0
       0
       0
       0
       0
       0
       0
       0
       0
       0
       0
       0
       0
       0
       0
       0
       0
       0
       0
       0
       0
       0
       0
       0
       0
       0
       0
       0
       0
       0
       0
       0
       0
       0
       0
       0
       0
       0
       0
       0
       0
       0
       0
       0
       0
       0
       0
       0
       0
       0
       0
       0
       0
       0
       0
       0
       0
       0
       0
       0
       0
       0
       0
       0
       0
       0
       0
       0
       0
       0
       0
       0
       0
       0
       0
       0
       0
       0
       0
       0
       0
       0
       0
       0
       0
       0
       0
       0
       0
       0
       0
       0
       0
       0
       0
       0
       0
       0
       0
       0
       0
       0
       0
       0
       0
       0
       0
       0
       0
       0
       0
       0
       0
       0
       0
       0
       0
       0
       0
       0
       0
       0
       0
       0
       0
       0
       0
       0
       0
       0
       0
       0
       0
       0
       0
       0
       0
       0
       0
       0
       0
       0
       0
       0
       0
       0
       0
       0
       0
       0
       0
       0
       0
       0
       0
       0
       0
       0
       0
       0
       0
       0
       0
       0
       0
       0
       0
       0
       0
       0
       0
       0
       0
       0
       0
       0
       0
       0
       0
       0
       0
       0
       0
       0
       0
       0
       0
       0
       0
       0
       0
       0
       0
       0
       0
       0
       0
       0
       0
       0
       0
       0
       0
       0
       0
       0
       0
       0
       0
       0
       0
       0
       0
       0
       0
       0
       0
       0
       0
       0
       0
       0
       0
       0
       0
       0
       0
       0
       0
       0
       0
       0
       0
       0
       0
       0
       0
       0
       0
       0
       0
       0
       0
       0
       0
       0
       0
       0
       0
       0
       0
       0
       0
       0
       0
       0
       0
       0
       0
       0
       0
       0
       0
       0
       0
       0
       0
       0
       0
       0
       0
       0
       0
       0
       0
       0
       0
       0
       0
       0
       0
       0
       0
       0
       0
       0
       0
       0
       0
       0
       0
       0
       0
       0
       0
       0
       0
       0
       0
       0
       0
       0
       0
       0
       0
       0
       0
       0
       0
       0
       0
       0
       0
       0
       0
       0
       0
       0
       0
       0
       0
       0
       0
       0
       0
       0
       0
       0
       0
       0
       0
       0
       0
       0
       0
       0
       0
       0
       0
       0
       0
       0
       0
       0
       0
       0
       0
       0
       0
       0
       0
       0
       0
       0
       0
       0
       0
       0
       0
       0
       0
       0
       0
       0
       0
       0
       0
       0
       0
       0
       0
       0
       0
       0
       0
       0
       0
       0
       0
       0
       0
       0
       0
       0
       0
       0
       0
       0
       0
       0
       0
       0
       0
       0
       0
       0
       0
       0
       0
       0
       0
       0
       0
       0
       0
       0
       0
       0
       0
       0
       0
       0
       0
       0
       0
       0
       0
       0
       0
       0
       0
       0
       0
       0
       0
       0
       0
       0
       0
       0
       0
       0
       0
       0
       0
       0
       0
       0
       0
       0
       0
       0
       0
       0
       0
       0
       0
       0
       0
       0
       0
       0
       0
       0
       0
       0
       0
       0
       0
       0
       0
       0
       0
       0
       0
       0
       0
       0
       0
       0
       0
       0
       0
       0
       0
       0
       0
       0
       0
       0
       0
       0
       0
       0
       0
       0
       0
       0
       0
       0
       0
       0
       0
       0
       0
       0
       0
       0
       0
       0
       0
       0
       0
       0
       0
       0
       0
       0
       0
       0
       0
       0
       0
       0
       0
       0
       0
       0
       0
       0
       0
       0
       0
       0
       0
       0
       0
       0
       0
       0
       0
       0
       0
       0
       0
       0
       0
       0
       0
       0
       0
       0
       0
       0
       0
       0
       0
       0
       0
       0
       0
       0
       0
       0
       0
       0
       0
       0
       0
       0
       0
       0
       0
       0
       0
       0
       0
       0
       0
       0
       0
       0
       0
       0
       0
       0
       0
       0
       0
$ROI:
0
$PRESETS:
Live Time
1800
0
$ENER_FIT:
-0.224999 0.029000
$MCA_CAL:
3
-2.249987E-001 2.900000E-002 0.000000E+000 keV
$SHAPE_CAL:
3
0.000000E+000 0.000000E+000 0.000000E+000
