$SPEC_ID:
Fe-55 sample
$SPEC_REM:
DET# 1
DETDESC# DESKTOP-SOU5NOG Easy-MCA-2k SN 14127175
AP# Maestro Version 7.01
$DATE_MEA:
02/01/2023 14:26:02
$MEAS_TIM:
1016 1021
$DATA:
0 2047
       0
       0
       0
     122
     149
      22
      55
     204
      87
     116
      64
      26
       7
       3
       0
       3
       2
       1
       1
       1
       0
       0
       2
       0
       0
       0
       2
       1
       1
       1
       1
       1
       2
       1
       3
       2
       2
       3
       2
       1
       6
       2
       3
       5
       4
       4
       5
       6
       3
       6
       2
       6
      13
       4
       9
       7
      12
       8
       9
       8
       5
      11
       6
      10
       8
       5
      17
       6
       9
      14
      15
       8
       9
       5
       9
       7
      15
      13
       6
      13
      10
       7
       5
       9
       8
      10
       6
      11
      11
       9
      19
      10
      14
      13
      17
      23
      23
      21
      26
      31
      21
      23
      19
      13
      11
      12
      12
       5
      11
      13
       7
      11
      11
      12
      12
       6
      10
      12
       8
       7
       7
       6
       8
      14
       7
       5
      10
      10
       7
      16
      10
       8
       6
      13
       7
       9
       4
       8
       6
       4
      12
       7
      11
       8
       9
       9
       6
      11
       7
       9
      12
      14
       8
      10
      10
       9
      12
       9
       8
      14
      13
       7
      14
      10
      11
       9
       7
       9
       6
      11
      20
      11
       7
      10
      13
       4
       6
       7
       7
       9
      12
       8
       6
       9
      13
      11
      10
      10
      11
       7
       7
      10
      11
       6
       8
       8
       5
       7
      10
       9
      10
      12
       5
       7
      14
       8
       7
      17
      15
       7
      11
       8
       5
      16
       7
       8
      10
      11
       7
      10
      15
      16
      12
      11
       9
      12
       6
      10
      10
       7
       9
      16
      11
      11
       7
      13
       8
       9
      11
       8
       6
      10
      15
       7
      17
      13
      13
      10
       5
      14
      14
      18
      16
      16
      21
      25
      20
      26
      22
      14
      22
      12
       8
      14
      12
       7
       6
      11
      12
      19
      12
      14
      11
      19
      21
      15
      16
       9
      17
      11
      18
      11
      10
      10
      12
      14
      18
       8
       7
       9
       8
       6
       6
      17
       5
       4
      10
      10
      10
       5
       7
      12
       7
       9
       9
       4
      15
       6
       6
       9
      17
      14
      13
       4
       7
       8
       7
      17
       8
      13
      23
      22
      19
      15
      17
      27
      12
       6
      16
      13
       7
      17
       9
      10
       7
       9
       7
       5
       4
      11
       7
       9
       8
       6
      12
       6
       6
      11
       5
      13
       7
       9
      20
       8
       7
      14
      15
      11
      11
      11
      18
       7
       8
      15
      12
      10
      17
      15
       8
      10
      12
       4
      13
      11
      14
      18
      16
      20
      19
      15
      17
      13
      15
       9
      14
      10
      19
      16
       6
      15
      11
      11
      11
       8
       9
      12
       9
      13
       9
       9
      10
       8
      12
       5
      12
      10
       5
      10
       8
       8
       9
       9
      15
      15
       9
       8
      12
      10
      13
      13
       8
       8
      11
      14
      16
      17
      18
      17
      14
      12
      25
      14
      13
      21
      13
      18
      15
      14
      16
      15
      14
      14
      12
      18
      14
      16
      20
      13
      19
      19
      13
      15
      17
       6
      13
       9
      18
       9
      15
      12
      11
      14
      10
      11
      10
      16
      19
      14
       9
      11
       9
      14
       7
      14
      13
      22
      18
       9
      10
      17
       8
      11
      14
      15
      12
      13
      15
      13
      11
      12
      19
      19
      16
      18
      12
      17
      14
      17
      19
      10
      18
      13
      13
      15
      12
      20
      27
      17
      14
      10
      15
      20
      19
      11
      13
      19
      17
      23
      15
      19
      21
      28
      24
      14
      24
      19
      21
      23
      32
      36
      27
      22
      35
      37
      29
      26
      30
      30
      36
      27
      38
      34
      26
      35
      30
      30
      42
      37
      35
      40
      43
      45
      27
      40
      43
      56
      34
      57
      48
      43
      47
      55
      47
      36
      56
      53
      52
      51
      53
      55
      60
      43
      61
      58
      66
      68
      59
      60
      64
      67
      74
      97
      95
     133
     181
     248
     317
     332
     293
     278
     212
     202
     164
     165
     181
     244
     351
     573
     800
    1040
    1148
    1050
     793
     642
     611
     589
     593
     634
     711
     871
    1069
    1234
    1446
    1353
    1338
    1111
    1020
    1001
    1100
    1287
    1530
    1417
    1224
     834
     542
     311
     207
     167
     180
     202
     243
     284
     268
     212
     157
     136
     154
     125
     123
      90
     128
     122
     133
     167
     188
     199
     221
     212
     190
     143
     121
     114
     138
     187
     240
     265
     208
     130
     102
      69
      75
     122
      66
      52
      46
      32
      34
      28
      29
      18
      14
      16
      16
      15
      37
      34
      25
      35
      60
      37
      12
      14
      13
       9
       7
      10
      33
     120
      39
      22
      18
       4
       4
       6
       4
       4
       3
       3
       5
       7
      10
       5
       9
       5
       5
       3
      10
       7
       7
       5
       8
       8
      10
       9
       4
       8
       8
       8
       3
       7
       6
       8
       4
       3
       4
       3
       2
       0
       0
       1
       1
       1
       0
       0
       0
       1
       0
       1
       0
       1
       2
       0
       0
       1
       2
       1
       1
       1
       0
       0
       1
       1
       0
       1
       3
       1
       2
       0
       2
       2
       2
       0
       1
       0
       2
       2
       1
       1
       0
       0
       0
       1
       0
       0
       0
       1
       0
       0
       0
       0
       0
       0
       0
       0
       0
       0
       0
       0
       0
       0
       0
       0
       0
       0
       0
       1
       1
       1
       0
       0
       0
       0
       0
       0
       0
       1
       0
       0
       1
       0
       1
       0
       0
       0
       0
       0
       0
       0
       0
       0
       0
       0
       0
       0
       0
       0
       0
       0
       0
       0
       0
       0
       0
       0
       0
       0
       0
       0
       0
       0
       0
       0
       0
       0
       0
       0
       0
       0
       0
       0
       0
       0
       0
       0
       0
       0
       0
       0
       0
       0
       0
       0
       0
       0
       0
       0
       0
       0
       0
       0
       0
       0
       0
       0
       0
       0
       0
       0
       0
       0
       0
       0
       0
       0
       0
       0
       0
       0
       0
       0
       0
       0
       0
       0
       0
       0
       0
       0
       0
       0
       0
       0
       0
       0
       0
       0
       0
       0
       0
       0
       0
       0
       0
       0
       0
       0
       0
       0
       0
       0
       0
       0
       0
       0
       0
       0
       0
       0
       0
       0
       0
       0
       0
       0
       0
       0
       0
       0
       0
       0
       0
       0
       0
       0
       0
       0
       0
       0
       0
       0
       0
       0
       0
       0
       0
       0
       0
       0
       0
       0
       0
       0
       0
       0
       0
       0
       0
       0
       0
       0
       0
       0
       0
       0
       0
       0
       0
       0
       0
       0
       0
       0
       0
       0
       0
       0
       0
       0
       0
       0
       0
       0
       0
       0
       0
       0
       0
       0
       0
       0
       0
       0
       0
       0
       0
       0
       0
       0
       0
       0
       0
       0
       0
       0
       0
       0
       0
       0
       0
       0
       0
       0
       0
       0
       0
       0
       0
       0
       0
       0
       0
       0
       0
       0
       0
       0
       0
       0
       0
       0
       0
       0
       0
       0
       0
       0
       0
       0
       0
       0
       0
       0
       0
       0
       0
       0
       0
       0
       0
       0
       0
       0
       0
       0
       0
       0
       0
       0
       0
       0
       0
       0
       0
       0
       0
       0
       0
       0
       0
       0
       0
       0
       0
       0
       0
       0
       0
       0
       0
       0
       0
       0
       0
       0
       0
       0
       0
       0
       0
       0
       0
       0
       0
       0
       0
       0
       0
       0
       0
       0
       0
       0
       0
       0
       0
       0
       0
       0
       0
       0
       0
       0
       0
       0
       0
       0
       0
       0
       0
       0
       0
       0
       0
       0
       0
       0
       0
       0
       0
       0
       0
       0
       0
       0
       0
       0
       0
       0
       0
       0
       0
       0
       0
       0
       0
       0
       0
       0
       0
       0
       0
       0
       0
       0
       0
       0
       0
       0
       0
       0
       0
       0
       0
       0
       0
       0
       0
       0
       0
       0
       0
       0
       0
       0
       0
       0
       0
       0
       0
       0
       0
       0
       0
       0
       0
       0
       0
       0
       0
       0
       0
       0
       0
       0
       0
       0
       0
       0
       0
       0
       0
       0
       0
       0
       0
       0
       0
       0
       0
       0
       0
       0
       0
       0
       0
       0
       0
       0
       0
       0
       0
       0
       0
       0
       0
       0
       0
       0
       0
       0
       0
       0
       0
       0
       0
       0
       0
       0
       0
       0
       0
       0
       0
       0
       0
       0
       0
       0
       0
       0
       0
       0
       0
       0
       0
       0
       0
       0
       0
       0
       0
       0
       0
       0
       0
       0
       0
       0
       0
       0
       0
       0
       0
       0
       0
       0
       0
       0
       0
       0
       0
       0
       0
       0
       0
       0
       0
       0
       0
       0
       0
       0
       0
       0
       0
       0
       0
       0
       0
       0
       0
       0
       0
       0
       0
       0
       0
       0
       0
       0
       0
       0
       0
       0
       0
       0
       0
       0
       0
       0
       0
       0
       0
       0
       0
       0
       0
       0
       0
       0
       0
       0
       0
       0
       0
       0
       0
       0
       0
       0
       0
       0
       0
       0
       0
       0
       0
       0
       0
       0
       0
       0
       0
       0
       0
       0
       0
       0
       0
       0
       0
       0
       0
       0
       0
       0
       0
       0
       0
       0
       0
       0
       0
       0
       0
       0
       0
       0
       0
       0
       0
       0
       0
       0
       0
       0
       0
       0
       0
       0
       0
       0
       0
       0
       0
       0
       0
       0
       0
       0
       0
       0
       0
       0
       0
       0
       0
       0
       0
       0
       0
       0
       0
       0
       0
       0
       0
       0
       0
       0
       0
       0
       0
       0
       0
       0
       0
       0
       0
       0
       0
       0
       0
       0
       0
       0
       0
       0
       0
       0
       0
       0
       0
       0
       0
       0
       0
       0
       0
       0
       0
       0
       0
       0
       0
       0
       0
       0
       0
       0
       0
       0
       0
       0
       0
       0
       0
       0
       0
       0
       0
       0
       0
       0
       0
       0
       0
       0
       0
       0
       0
       0
       0
       0
       0
       0
       0
       0
       0
       0
       0
       0
       0
       0
       0
       0
       0
       0
       0
       0
       0
       0
       0
       0
       0
       0
       0
       0
       0
       0
       0
       0
       0
       0
       0
       0
       0
       0
       0
       0
       0
       0
       0
       0
       0
       0
       0
       0
       0
       0
       0
       0
       0
       0
       0
       0
       0
       0
       0
       0
       0
       0
       0
       0
       0
       0
       0
       0
       0
       0
       0
       0
       0
       0
       0
       0
       0
       0
       0
       0
       0
       0
       0
       0
       0
       0
       0
       0
       0
       0
       0
       0
       0
       0
       0
       0
       0
       0
       0
       0
       0
       0
       0
       0
       0
       0
       0
       0
       0
       0
       0
       0
       0
       0
       0
       0
       0
       0
       0
       0
       0
       0
       0
       0
       0
       0
       0
       0
       0
       0
       0
       0
       0
       0
       0
       0
       0
       0
       0
       0
       0
       0
       0
       0
       0
       0
       0
       0
       0
       0
       0
       0
       0
       0
       0
       0
       0
       0
       0
       0
       0
       0
       0
       0
       0
       0
       0
       0
       0
       0
       0
       0
       0
       0
       0
       0
       0
       0
       0
       0
       0
       0
       0
       0
       0
       0
       0
       0
       0
       0
       0
       0
       0
       0
       0
       0
       0
       0
       0
       0
       0
       0
       0
       0
       0
       0
       0
       0
       0
       0
       0
       0
       0
       0
       0
       0
       0
       0
       0
       0
       0
       0
       0
       0
       0
       0
       0
       0
       0
       0
       0
       0
       0
       0
       0
       0
       0
       0
       0
       0
       0
       0
       0
       0
       0
       0
       0
       0
       0
       0
       0
       0
       0
       0
       0
       0
       0
       0
       0
       0
       0
       0
       0
       0
       0
       0
       0
       0
       0
       0
       0
       0
       0
       0
       0
       0
       0
       0
       0
       0
       0
       0
       0
       0
       0
       0
       0
       0
       0
       0
       0
       0
       0
       0
       0
       0
       0
       0
       0
       0
       0
       0
       0
       0
       0
       0
       0
       0
       0
       0
       0
       0
       0
       0
       0
       0
       0
       0
       0
       0
       0
       0
       0
       0
       0
       0
       0
       0
       0
       0
       0
       0
       0
       0
       0
       0
       0
       0
       0
       0
       0
       0
       0
       0
       0
       0
       0
       0
       0
       0
       0
       0
       0
       0
       0
       0
       0
       0
       0
       0
       0
       0
       0
       0
       0
       0
       0
       0
       0
       0
       0
       0
       0
       0
       0
       0
       0
       0
       0
       0
       0
       0
       0
       0
       0
       0
       0
       0
       0
       0
       0
       0
       0
       0
       0
       0
       0
       0
       0
       0
       0
       0
       0
       0
       0
       0
       0
       0
       0
       0
       0
       0
       0
       0
       0
       0
       0
       0
       0
       0
       0
       0
       0
       0
       0
       0
       0
       0
       0
       0
       0
       0
       0
       0
       0
       0
       0
       0
       0
       0
       0
       0
       0
       0
       0
       0
       0
       0
       0
       0
       0
       0
       0
       0
       0
       0
       0
       0
       0
       0
       0
       0
       0
       0
       0
       0
       0
       0
       0
       0
       0
       0
       0
       0
       0
       0
       0
       0
       0
       0
       0
       0
       0
       0
       0
       0
       0
       0
       0
       0
       0
       0
       0
       0
       0
       0
       0
       0
       0
       0
       0
       0
       0
       0
       0
       0
       0
       0
       0
       0
       0
       0
       0
       0
       0
       0
       0
       0
       0
       0
       0
       0
       0
       0
       0
       0
       0
       0
       0
       0
       0
       0
       0
       0
       0
       0
       0
       0
       0
       0
       0
       0
       0
       0
       0
       0
       0
       0
       0
       0
       0
       0
       0
       0
       0
       0
       0
       0
$ROI:
0
$PRESETS:
None
0
0
$ENER_FIT:
-0.224999 0.029000
$MCA_CAL:
3
-2.249987E-001 2.900000E-002 0.000000E+000 keV
$SHAPE_CAL:
3
0.000000E+000 0.000000E+000 0.000000E+000
