$SPEC_ID:
Fe-55 sample
$SPEC_REM:
DET# 1
DETDESC# DESKTOP-SOU5NOG Easy-MCA-2k SN 14127175
AP# Maestro Version 7.01
$DATE_MEA:
02/01/2023 15:44:20
$MEAS_TIM:
1091 1092
$DATA:
0 2047
       0
       0
       0
     134
     162
      32
      79
     202
     114
     124
      73
      24
      11
       3
       1
       0
       0
       1
       0
       1
       0
       0
       1
       0
       0
       0
       0
       1
       0
       0
       0
       0
       0
       0
       0
       0
       0
       0
       1
       0
       0
       1
       2
       0
       1
       0
       1
       1
       0
       4
       1
       1
       2
       1
       1
       0
       1
       1
       4
       1
       3
       3
       3
       5
       4
       2
       4
       2
       3
       2
       2
       3
       2
       2
       3
       4
       7
       3
       4
       7
       6
       2
       4
       2
       6
      11
       3
       2
      10
       9
       7
       8
       6
       4
       9
       4
      11
       5
       7
      11
      14
      11
      10
       8
       9
       3
       7
       3
       5
       6
       7
       7
       5
       8
       4
       3
       4
       6
       8
       6
       8
       4
       7
       8
       3
       4
       3
       2
       9
       5
       6
      11
       2
       6
       2
       7
       9
       3
       6
      10
      10
      11
      18
      22
      25
      23
      29
      26
      40
      43
      64
     138
     221
     380
     595
     722
     843
     921
     807
     664
     470
     323
     193
     117
      59
      48
      62
      66
      98
     114
     146
     152
     162
     118
      72
      58
      40
      19
      11
       6
       2
       2
       0
       0
       1
       1
       2
       0
       3
       1
       0
       0
       0
       1
       1
       3
       1
       1
       1
       1
       0
       1
       2
       1
       2
       3
       0
       1
       0
       3
       3
       2
       0
       4
       0
       3
       2
       3
       1
       3
       6
       1
       3
       0
       3
       2
       1
       1
       1
       0
       1
       2
       1
       1
       1
       2
       0
       0
       1
       2
       3
       1
       0
       0
       0
       3
       0
       4
       1
       3
       3
       1
       3
       0
       2
       5
       2
       4
       4
       2
       0
       0
       1
       2
       1
       1
       2
       0
       1
       2
       1
       8
       7
      15
      11
      16
      15
      16
       9
      11
      10
       4
       2
       8
       2
       4
       3
       2
       0
       1
       3
       2
       2
       4
       4
       4
       7
       4
       3
       2
       4
       2
       7
       3
       6
       7
       5
       1
       6
       1
       3
       3
       3
       2
       1
       5
       2
       4
       1
       4
       3
       0
       1
       1
       3
       0
       2
       0
       1
       3
       1
       0
       4
       2
       2
       0
       0
       2
       4
       0
       2
       1
       2
       1
       2
       1
       4
       2
       1
       1
       1
       1
       3
       5
       4
       6
       6
       6
       5
       8
      13
      14
       6
      14
      11
       7
       5
       5
       5
       4
       4
       1
       2
       1
       0
       3
       2
       3
       2
       0
       1
       3
       3
       3
       3
       3
       1
       2
       1
       1
       0
      13
       1
       4
       0
       1
       2
       1
       1
       4
       1
       2
       1
       5
       1
       3
       4
       4
       9
       3
       3
       4
       2
       8
       2
       5
       3
       8
       4
       0
       2
       2
       6
       1
       5
       8
       7
       4
       8
       8
      12
       9
      19
       8
       6
       9
       9
       5
       5
       6
       8
       7
       3
       4
       8
       3
       6
       3
       4
       2
       6
       5
       3
       4
       2
       2
       6
       7
       1
       4
       8
       5
       1
       2
       6
       6
       7
       6
       7
       3
       2
       9
      15
      10
       6
       5
       8
       6
       6
      14
       4
       7
       4
       7
       4
       5
       5
      12
      13
       8
       7
      10
       8
       4
       7
       7
       8
       7
       9
       5
       8
      11
       9
       8
       4
       9
       9
       7
      10
       1
       9
       6
      14
       7
       8
      15
       9
       4
       8
       4
       9
       6
      13
       8
      19
      14
       9
      11
      13
      11
       9
      20
      12
      11
      20
      12
      13
      13
      13
      13
      20
      18
      18
      23
      17
      30
      30
      25
      29
      53
      33
      42
      48
      52
      46
      50
      52
      43
      49
      41
      42
      41
      51
      32
      31
      43
      36
      30
      32
      39
      24
      32
      30
      24
      25
       9
      19
      18
      15
      13
      10
      16
      13
      14
      16
      10
      16
      17
      16
      19
      16
      26
      19
      15
      19
      20
      18
      13
      14
      18
      20
      21
      17
      12
      11
      11
      14
      20
      11
       9
      17
       8
       7
       8
      11
       9
      12
      10
      11
       6
      14
      10
       4
       9
      11
       6
       7
      13
       6
      13
       6
      12
      13
       8
      10
       6
      12
       8
       7
      10
       9
       5
       8
      10
       8
       7
       9
       3
       7
       4
       8
      10
       8
       5
       7
      10
       4
       9
       5
       3
      11
       5
       5
       7
       7
       6
       9
      14
      10
       5
       8
      23
      20
      22
      12
      11
      12
      11
      10
      10
      24
      21
      16
      15
       2
       4
       4
       7
       4
       3
       4
       5
       4
       2
       0
       0
       3
       4
       6
       3
       3
       1
       3
       0
       1
       1
       0
       0
       2
       0
       0
       1
       1
       1
       0
       0
       1
       0
       0
       0
       0
       0
       0
       0
       1
       0
       1
       0
       0
       0
       0
       1
       0
       0
       0
       0
       0
       0
       0
       0
       0
       0
       0
       0
       0
       0
       0
       0
       0
       0
       0
       0
       0
       0
       0
       0
       0
       0
       0
       0
       0
       0
       0
       0
       0
       0
       0
       1
       0
       0
       0
       0
       0
       0
       0
       0
       0
       0
       0
       0
       0
       0
       0
       0
       0
       0
       0
       0
       0
       0
       0
       0
       0
       0
       0
       0
       0
       0
       0
       0
       0
       0
       0
       0
       0
       0
       0
       0
       0
       0
       0
       0
       0
       0
       0
       0
       0
       0
       0
       0
       0
       0
       0
       0
       0
       0
       0
       0
       0
       0
       0
       0
       0
       0
       0
       0
       0
       0
       0
       0
       0
       0
       0
       0
       0
       0
       0
       0
       0
       0
       0
       0
       0
       0
       0
       0
       0
       0
       0
       0
       0
       0
       0
       0
       0
       0
       0
       0
       0
       0
       0
       0
       0
       0
       0
       0
       0
       0
       0
       0
       0
       0
       0
       0
       0
       0
       0
       0
       0
       0
       0
       0
       0
       0
       0
       0
       0
       0
       0
       0
       0
       0
       0
       0
       0
       0
       0
       0
       0
       0
       0
       0
       0
       0
       0
       0
       0
       0
       0
       0
       0
       0
       0
       0
       0
       0
       0
       0
       0
       0
       0
       0
       0
       0
       0
       0
       0
       0
       0
       0
       0
       0
       0
       0
       0
       0
       0
       0
       0
       0
       0
       0
       0
       0
       0
       0
       0
       0
       0
       0
       0
       0
       0
       0
       0
       0
       0
       0
       0
       0
       0
       0
       0
       0
       0
       0
       0
       0
       0
       0
       0
       0
       0
       0
       0
       0
       0
       0
       0
       0
       0
       0
       0
       0
       0
       0
       0
       0
       0
       0
       0
       0
       0
       0
       0
       0
       0
       0
       0
       0
       0
       0
       0
       0
       0
       0
       0
       0
       0
       0
       0
       0
       0
       0
       0
       0
       0
       0
       0
       0
       0
       0
       0
       0
       0
       0
       0
       0
       0
       0
       0
       0
       0
       0
       0
       0
       0
       0
       0
       0
       0
       0
       0
       0
       0
       0
       0
       0
       0
       0
       0
       0
       0
       0
       0
       0
       0
       0
       0
       0
       0
       0
       0
       0
       0
       0
       0
       0
       0
       0
       0
       0
       0
       0
       0
       0
       0
       0
       0
       0
       0
       0
       0
       0
       0
       0
       0
       0
       0
       0
       0
       0
       0
       0
       0
       0
       0
       0
       0
       0
       0
       0
       0
       0
       0
       0
       0
       0
       0
       0
       0
       0
       0
       0
       0
       0
       0
       0
       0
       0
       0
       0
       0
       0
       0
       0
       0
       0
       0
       0
       0
       0
       0
       0
       0
       0
       0
       0
       0
       0
       0
       0
       0
       0
       0
       0
       0
       0
       0
       0
       0
       0
       0
       0
       0
       0
       0
       0
       0
       0
       0
       0
       0
       0
       0
       0
       0
       0
       0
       0
       0
       0
       0
       0
       0
       0
       0
       0
       0
       0
       0
       0
       0
       0
       0
       0
       0
       0
       0
       0
       0
       0
       0
       0
       0
       0
       0
       0
       0
       0
       0
       0
       0
       0
       0
       0
       0
       0
       0
       0
       0
       0
       0
       0
       0
       0
       0
       0
       0
       0
       0
       0
       0
       0
       0
       0
       0
       0
       0
       0
       0
       0
       0
       0
       0
       0
       0
       0
       0
       0
       0
       0
       0
       0
       0
       0
       0
       0
       0
       0
       0
       0
       0
       0
       0
       0
       0
       0
       0
       0
       0
       0
       0
       0
       0
       0
       0
       0
       0
       0
       0
       0
       0
       0
       0
       0
       0
       0
       0
       0
       0
       0
       0
       0
       0
       0
       0
       0
       0
       0
       0
       0
       0
       0
       0
       0
       0
       0
       0
       0
       0
       0
       0
       0
       0
       0
       0
       0
       0
       0
       0
       0
       0
       0
       0
       0
       0
       0
       0
       0
       0
       0
       0
       0
       0
       0
       0
       0
       0
       0
       0
       0
       0
       0
       0
       0
       0
       0
       0
       0
       0
       0
       0
       0
       0
       0
       0
       0
       0
       0
       0
       0
       0
       0
       0
       0
       0
       0
       0
       0
       0
       0
       0
       0
       0
       0
       0
       0
       0
       0
       0
       0
       0
       0
       0
       0
       0
       0
       0
       0
       0
       0
       0
       0
       0
       0
       0
       0
       0
       0
       0
       0
       0
       0
       0
       0
       0
       0
       0
       0
       0
       0
       0
       0
       0
       0
       0
       0
       0
       0
       0
       0
       0
       0
       0
       0
       0
       0
       0
       0
       0
       0
       0
       0
       0
       0
       0
       0
       0
       0
       0
       0
       0
       0
       0
       0
       0
       0
       0
       0
       0
       0
       0
       0
       0
       0
       0
       0
       0
       0
       0
       0
       0
       0
       0
       0
       0
       0
       0
       0
       0
       0
       0
       0
       0
       0
       0
       0
       0
       0
       0
       0
       0
       0
       0
       0
       0
       0
       0
       0
       0
       0
       0
       0
       0
       0
       0
       0
       0
       0
       0
       0
       0
       0
       0
       0
       0
       0
       0
       0
       0
       0
       0
       0
       0
       0
       0
       0
       0
       0
       0
       0
       0
       0
       0
       0
       0
       0
       0
       0
       0
       0
       0
       0
       0
       0
       0
       0
       0
       0
       0
       0
       0
       0
       0
       0
       0
       0
       0
       0
       0
       0
       0
       0
       0
       0
       0
       0
       0
       0
       0
       0
       0
       0
       0
       0
       0
       0
       0
       0
       0
       0
       0
       0
       0
       0
       0
       0
       0
       0
       0
       0
       0
       0
       0
       0
       0
       0
       0
       0
       0
       0
       0
       0
       0
       0
       0
       0
       0
       0
       0
       0
       0
       0
       0
       0
       0
       0
       0
       0
       0
       0
       0
       0
       0
       0
       0
       0
       0
       0
       0
       0
       0
       0
       0
       0
       0
       0
       0
       0
       0
       0
       0
       0
       0
       0
       0
       0
       0
       0
       0
       0
       0
       0
       0
       0
       0
       0
       0
       0
       0
       0
       0
       0
       0
       0
       0
       0
       0
       0
       0
       0
       0
       0
       0
       0
       0
       0
       0
       0
       0
       0
       0
       0
       0
       0
       0
       0
       0
       0
       0
       0
       0
       0
       0
       0
       0
       0
       0
       0
       0
       0
       0
       0
       0
       0
       0
       0
       0
       0
       0
       0
       0
       0
       0
       0
       0
       0
       0
       0
       0
       0
       0
       0
       0
       0
       0
       0
       0
       0
       0
       0
       0
       0
       0
       0
       0
       0
       0
       0
       0
       0
       0
       0
       0
       0
       0
       0
       0
       0
       0
       0
       0
       0
       0
       0
       0
       0
       0
       0
       0
       0
       0
       0
       0
       0
       0
       0
       0
       0
       0
       0
       0
       0
       0
       0
       0
       0
       0
       0
       0
       0
       0
       0
       0
       0
       0
       0
       0
       0
       0
       0
       0
       0
       0
       0
       0
       0
       0
       0
       0
       0
       0
       0
       0
       0
       0
       0
       0
       0
       0
       0
       0
       0
       0
       0
       0
       0
       0
       0
       0
       0
       0
       0
       0
       0
       0
       0
       0
       0
       0
       0
       0
       0
       0
       0
       0
       0
       0
       0
       0
       0
       0
       0
       0
       0
       0
       0
       0
       0
       0
       0
       0
       0
       0
       0
       0
       0
       0
       0
       0
       0
       0
       0
       0
       0
       0
       0
       0
       0
       0
       0
       0
       0
       0
       0
       0
       0
       0
       0
       0
       0
       0
       0
       0
       0
       0
       0
       0
       0
       0
       0
       0
       0
       0
       0
       0
       0
       0
       0
       0
       0
       0
       0
       0
       0
       0
       0
       0
       0
       0
       0
       0
       0
       0
       0
       0
       0
       0
       0
       0
       0
       0
       0
       0
       0
       0
       0
       0
       0
       0
       0
       0
       0
       0
       0
       0
       0
       0
       0
       0
       0
       0
       0
       0
       0
       0
       0
       0
       0
       0
       0
       0
       0
       0
       0
       0
       0
       0
       0
       0
       0
       0
       0
       0
       0
       0
       0
       0
       0
       0
       0
       0
       0
       0
       0
       0
       0
       0
       0
       0
       0
       0
       0
       0
       0
       0
       0
       0
       0
       0
       0
       0
       0
       0
       0
       0
       0
       0
       0
       0
       0
       0
       0
       0
       0
       0
       0
       0
       0
       0
       0
       0
       0
       0
       0
       0
       0
       0
       0
       0
       0
       0
       0
       0
       0
       0
       0
       0
       0
       0
       0
       0
       0
       0
       0
       0
       0
       0
       0
       0
       0
       0
       0
       0
       0
       0
       0
       0
       0
       0
       0
       0
       0
       0
       0
       0
       0
$ROI:
0
$PRESETS:
None
0
0
$ENER_FIT:
-0.224999 0.029000
$MCA_CAL:
3
-2.249987E-001 2.900000E-002 0.000000E+000 keV
$SHAPE_CAL:
3
0.000000E+000 0.000000E+000 0.000000E+000
