$SPEC_ID:
Fe-55 sample
$SPEC_REM:
DET# 1
DETDESC# DESKTOP-SOU5NOG Easy-MCA-2k SN 14127175
AP# Maestro Version 7.01
$DATE_MEA:
02/06/2023 15:05:58
$MEAS_TIM:
1200 1200
$DATA:
0 2047
       0
       0
       0
      36
     141
      31
      61
     202
      88
     136
      68
      30
       8
       7
       0
       2
       0
       1
       0
       0
       0
       0
       0
       0
       1
       0
       1
       0
       0
       0
       0
       1
       0
       0
       0
       1
       0
       1
       0
       0
       1
       0
       1
       0
       0
       0
       0
       0
       0
       1
       0
       0
       0
       0
       0
       1
       0
       3
       0
       1
       0
       0
       2
       1
       0
       0
       2
       0
       0
       0
       0
       0
       1
       3
       3
       2
       0
       0
       5
       1
       2
       0
       0
       1
       0
       0
       3
       2
       1
       2
       0
       2
       2
       0
       0
       2
       1
       3
       3
       2
       4
       0
       5
       5
       0
       0
       1
       4
       2
       0
       2
       2
       1
       1
       2
       2
       4
       3
       2
       7
       1
       2
       3
       2
       3
       0
       3
       6
       2
       2
       5
       0
       2
       3
       2
       1
       2
       0
       1
       2
       0
       0
       1
       0
       3
       2
       1
       1
       5
       2
       0
       1
       1
       2
       2
       2
       1
       1
       2
       2
       5
       3
       2
       0
       2
       0
       1
       1
       2
       3
       3
       4
       0
       0
       1
       1
       2
       1
       0
       0
       0
       1
       4
       0
       2
       1
       3
       0
       2
       1
       3
       1
       2
       2
       1
       2
       2
       0
       0
       0
       1
       3
       2
       2
       3
       3
       1
       1
       4
       1
       1
       0
       3
       1
       3
       0
       5
       3
       6
       8
       4
       5
       4
       2
       5
       6
       3
       4
       2
       2
       4
       1
       1
       3
       0
       3
       1
       1
       0
       2
       1
       4
       0
       4
       3
       0
       1
       2
       1
       1
       1
       1
       2
       8
       1
       0
       4
       2
       2
       2
       3
       2
       4
       1
       0
       3
       4
       2
       2
       5
       7
      10
      12
      18
      16
      18
      25
      21
      17
      12
      14
       6
       9
       8
      12
      11
       6
       7
       7
       4
       4
      12
       6
       4
       8
       7
      10
       5
       3
       4
       7
       4
      11
       3
       3
       5
       3
       7
       3
       8
       8
       1
       2
       2
       3
       1
       1
       2
       2
       4
       3
       6
       1
       2
       3
       3
       1
       0
       1
       3
       2
       2
       1
       1
       3
       2
       3
       2
       0
       1
       3
       0
       0
       3
       0
       1
       4
       2
       3
       6
       1
       1
       4
       5
       1
       6
       3
       7
      11
       6
       4
       9
       9
       9
      14
       5
       8
       6
       6
       8
      10
       5
       3
       8
       4
       0
       2
       3
       3
       2
       3
       1
       1
       2
       4
       2
       6
       1
       7
       5
       2
       4
       4
       5
       3
       6
       7
      10
       9
       4
       9
       5
       7
       4
       3
       4
       1
       5
       5
       3
       7
       4
       6
       8
      12
       4
       9
       1
       3
       7
       5
       7
       8
       7
      13
       7
       8
      10
      13
       8
      13
      10
       8
      18
      10
      13
       9
       7
       9
       7
       5
      11
       7
      10
      13
      15
       9
      12
      10
       7
      11
       8
       9
       6
      13
      12
      19
      19
      13
      17
      18
      24
      25
      17
      30
      11
      24
       7
      21
      14
      12
       9
      12
      14
      14
      17
      24
      12
      13
      18
      10
       7
      13
      11
      10
      10
      10
       6
       8
       9
      11
      11
       9
      10
       7
      10
       9
      12
       7
      10
       8
      11
      10
      11
       9
       7
       7
      10
       9
       3
      14
      10
       9
      10
       7
       4
      10
       9
       8
      14
       9
      13
       9
      13
      14
      11
      13
      24
      14
      14
      14
      14
      12
      14
      16
      31
      21
      17
      20
      19
      22
      25
      24
      29
      31
      50
      42
      38
      61
      46
      56
      49
      65
      48
      58
      51
      48
      52
      40
      48
      52
      34
      41
      36
      41
      33
      34
      29
      32
      37
      31
      50
      37
      32
      36
      28
      32
      37
      28
      31
      17
      34
      33
      33
      21
      29
      28
      35
      33
      23
      23
      19
      23
      22
      23
      17
      29
      14
      22
      23
      16
      21
      15
      13
      17
      16
      13
      19
      16
      14
      23
      11
      15
      22
      12
      14
      20
      16
      16
      14
      13
      14
      16
      18
      13
      10
      10
      13
       5
      12
       8
       9
      11
       5
      16
      12
       9
      17
      18
      18
      15
      10
      13
      13
       9
       8
      11
      10
      15
      10
       5
       4
       6
       7
      14
      14
      10
      10
      13
      10
      10
       8
      10
       6
       1
       6
       8
      15
      12
      35
      21
      23
       5
       6
       6
       5
       9
      34
      17
      26
      31
      16
      14
       5
      10
       2
       3
       4
       0
       2
       2
       0
       3
       3
       3
       3
       3
       3
       1
       3
       2
       4
       3
       3
       7
      11
       7
      15
       6
       6
       6
       7
       6
       1
       1
       3
       2
       0
       3
       1
       1
       1
       0
       1
       1
       0
       1
       3
       0
       1
       0
       0
       0
       0
       1
       1
       0
       0
       0
       0
       0
       0
       1
       1
       0
       0
       0
       1
       0
       0
       0
       0
       0
       1
       0
       1
       1
       0
       0
       0
       0
       1
       0
       1
       1
       0
       2
       1
       0
       0
       0
       0
       1
       0
       0
       0
       0
       0
       0
       0
       0
       0
       0
       0
       0
       1
       1
       0
       1
       1
       1
       0
       0
       0
       0
       0
       0
       0
       0
       0
       0
       0
       0
       0
       0
       0
       0
       0
       0
       0
       0
       0
       0
       0
       0
       0
       0
       0
       0
       0
       0
       0
       0
       0
       0
       0
       0
       0
       0
       0
       0
       0
       0
       0
       0
       0
       0
       0
       0
       0
       0
       0
       0
       0
       0
       0
       0
       0
       0
       0
       0
       0
       0
       0
       0
       0
       0
       0
       0
       0
       0
       0
       0
       0
       0
       0
       0
       0
       0
       0
       0
       0
       0
       0
       0
       0
       0
       0
       0
       0
       0
       0
       0
       0
       0
       0
       0
       0
       0
       0
       0
       0
       0
       0
       0
       0
       0
       0
       0
       0
       0
       0
       0
       0
       0
       0
       0
       0
       0
       0
       0
       0
       0
       0
       0
       0
       0
       0
       0
       0
       0
       0
       0
       0
       0
       0
       0
       0
       0
       0
       0
       0
       0
       0
       0
       0
       0
       0
       0
       0
       0
       0
       0
       0
       0
       0
       0
       0
       0
       0
       0
       0
       0
       0
       0
       0
       0
       0
       0
       0
       0
       0
       0
       0
       0
       0
       0
       0
       0
       0
       0
       0
       0
       0
       0
       0
       0
       0
       0
       0
       0
       0
       0
       0
       0
       0
       0
       0
       0
       0
       0
       0
       0
       0
       0
       0
       0
       0
       0
       0
       0
       0
       0
       0
       0
       0
       0
       0
       0
       0
       0
       0
       0
       0
       0
       0
       0
       0
       0
       0
       0
       0
       0
       0
       0
       0
       0
       0
       0
       0
       0
       0
       0
       0
       0
       0
       0
       0
       0
       0
       0
       0
       0
       0
       0
       0
       0
       0
       0
       0
       0
       0
       0
       0
       0
       0
       0
       0
       0
       0
       0
       0
       0
       0
       0
       0
       0
       0
       0
       0
       0
       0
       0
       0
       0
       0
       0
       0
       0
       0
       0
       0
       0
       0
       0
       0
       0
       0
       0
       0
       0
       0
       0
       0
       0
       0
       0
       0
       0
       0
       0
       0
       0
       0
       0
       0
       0
       0
       0
       0
       0
       0
       0
       0
       0
       0
       0
       0
       0
       0
       0
       0
       0
       0
       0
       0
       0
       0
       0
       0
       0
       0
       0
       0
       0
       0
       0
       0
       0
       0
       0
       0
       0
       0
       0
       0
       0
       0
       0
       0
       0
       0
       0
       0
       0
       0
       0
       0
       0
       0
       0
       0
       0
       0
       0
       0
       0
       0
       0
       0
       0
       0
       0
       0
       0
       0
       0
       0
       0
       0
       0
       0
       0
       0
       0
       0
       0
       0
       0
       0
       0
       0
       0
       0
       0
       0
       0
       0
       0
       0
       0
       0
       0
       0
       0
       0
       0
       0
       0
       0
       0
       0
       0
       0
       0
       0
       0
       0
       0
       0
       0
       0
       0
       0
       0
       0
       0
       0
       0
       0
       0
       0
       0
       0
       0
       0
       0
       0
       0
       0
       0
       0
       0
       0
       0
       0
       0
       0
       0
       0
       0
       0
       0
       0
       0
       0
       0
       0
       0
       0
       0
       0
       0
       0
       0
       0
       0
       0
       0
       0
       0
       0
       0
       0
       0
       0
       0
       0
       0
       0
       0
       0
       0
       0
       0
       0
       0
       0
       0
       0
       0
       0
       0
       0
       0
       0
       0
       0
       0
       0
       0
       0
       0
       0
       0
       0
       0
       0
       0
       0
       0
       0
       0
       0
       0
       0
       0
       0
       0
       0
       0
       0
       0
       0
       0
       0
       0
       0
       0
       0
       0
       0
       0
       0
       0
       0
       0
       0
       0
       0
       0
       0
       0
       0
       0
       0
       0
       0
       0
       0
       0
       0
       0
       0
       0
       0
       0
       0
       0
       0
       0
       0
       0
       0
       0
       0
       0
       0
       0
       0
       0
       0
       0
       0
       0
       0
       0
       0
       0
       0
       0
       0
       0
       0
       0
       0
       0
       0
       0
       0
       0
       0
       0
       0
       0
       0
       0
       0
       0
       0
       0
       0
       0
       0
       0
       0
       0
       0
       0
       0
       0
       0
       0
       0
       0
       0
       0
       0
       0
       0
       0
       0
       0
       0
       0
       0
       0
       0
       0
       0
       0
       0
       0
       0
       0
       0
       0
       0
       0
       0
       0
       0
       0
       0
       0
       0
       0
       0
       0
       0
       0
       0
       0
       0
       0
       0
       0
       0
       0
       0
       0
       0
       0
       0
       0
       0
       0
       0
       0
       0
       0
       0
       0
       0
       0
       0
       0
       0
       0
       0
       0
       0
       0
       0
       0
       0
       0
       0
       0
       0
       0
       0
       0
       0
       0
       0
       0
       0
       0
       0
       0
       0
       0
       0
       0
       0
       0
       0
       0
       0
       0
       0
       0
       0
       0
       0
       0
       0
       0
       0
       0
       0
       0
       0
       0
       0
       0
       0
       0
       0
       0
       0
       0
       0
       0
       0
       0
       0
       0
       0
       0
       0
       0
       0
       0
       0
       0
       0
       0
       0
       0
       0
       0
       0
       0
       0
       0
       0
       0
       0
       0
       0
       0
       0
       0
       0
       0
       0
       0
       0
       0
       0
       0
       0
       0
       0
       0
       0
       0
       0
       0
       0
       0
       0
       0
       0
       0
       0
       0
       0
       0
       0
       0
       0
       0
       0
       0
       0
       0
       0
       0
       0
       0
       0
       0
       0
       0
       0
       0
       0
       0
       0
       0
       0
       0
       0
       0
       0
       0
       0
       0
       0
       0
       0
       0
       0
       0
       0
       0
       0
       0
       0
       0
       0
       0
       0
       0
       0
       0
       0
       0
       0
       0
       0
       0
       0
       0
       0
       0
       0
       0
       0
       0
       0
       0
       0
       0
       0
       0
       0
       0
       0
       0
       0
       0
       0
       0
       0
       0
       0
       0
       0
       0
       0
       0
       0
       0
       0
       0
       0
       0
       0
       0
       0
       0
       0
       0
       0
       0
       0
       0
       0
       0
       0
       0
       0
       0
       0
       0
       0
       0
       0
       0
       0
       0
       0
       0
       0
       0
       0
       0
       0
       0
       0
       0
       0
       0
       0
       0
       0
       0
       0
       0
       0
       0
       0
       0
       0
       0
       0
       0
       0
       0
       0
       0
       0
       0
       0
       0
       0
       0
       0
       0
       0
       0
       0
       0
       0
       0
       0
       0
       0
       0
       0
       0
       0
       0
       0
       0
       0
       0
       0
       0
       0
       0
       0
       0
       0
       0
       0
       0
       0
       0
       0
       0
       0
       0
       0
       0
       0
       0
       0
       0
       0
       0
       0
       0
       0
       0
       0
       0
       0
       0
       0
       0
       0
       0
       0
       0
       0
       0
       0
       0
       0
       0
       0
       0
       0
       0
       0
       0
       0
       0
       0
       0
       0
       0
       0
       0
       0
       0
       0
       0
       0
       0
       0
       0
       0
       0
       0
       0
       0
       0
       0
       0
       0
       0
       0
       0
       0
       0
       0
       0
       0
       0
       0
       0
       0
       0
       0
       0
       0
       0
       0
       0
       0
       0
       0
       0
       0
       0
       0
       0
       0
       0
       0
       0
       0
       0
       0
       0
       0
       0
       0
       0
       0
       0
       0
       0
       0
       0
       0
       0
       0
       0
       0
       0
       0
       0
       0
       0
       0
       0
       0
       0
       0
       0
       0
       0
       0
       0
       0
       0
       0
       0
       0
       0
       0
       0
       0
       0
       0
       0
       0
       0
       0
       0
       0
       0
       0
       0
       0
       0
       0
       0
       0
       0
       0
       0
       0
       0
       0
       0
       0
       0
       0
       0
       0
       0
       0
       0
       0
       0
       0
       0
       0
       0
       0
       0
       0
       0
       0
       0
       0
       0
       0
       0
       0
       0
       0
       0
       0
       0
       0
       0
       0
       0
       0
       0
       0
       0
       0
       0
       0
       0
       0
       0
       0
       0
       0
       0
       0
       0
       0
       0
       0
       0
       0
       0
       0
       0
       0
       0
       0
       0
       0
       0
       0
       0
       0
       0
       0
       0
       0
       0
       0
       0
       0
       0
       0
       0
       0
       0
       0
       0
       0
       0
       0
       0
       0
       0
       0
       0
       0
       0
       0
       0
       0
       0
       0
       0
       0
       0
       0
       0
       0
       0
       0
       0
       0
       0
       0
       0
       0
       0
       0
       0
       0
$ROI:
0
$PRESETS:
Live Time
1200
0
$ENER_FIT:
-0.224999 0.029000
$MCA_CAL:
3
-2.249987E-001 2.900000E-002 0.000000E+000 keV
$SHAPE_CAL:
3
0.000000E+000 0.000000E+000 0.000000E+000
