$SPEC_ID:
Fe-55 sample
$SPEC_REM:
DET# 1
DETDESC# DESKTOP-SOU5NOG Easy-MCA-2k SN 14127175
AP# Maestro Version 7.01
$DATE_MEA:
02/20/2023 14:07:23
$MEAS_TIM:
3600 3601
$DATA:
0 2047
       0
       0
       1
      93
     418
      38
     136
     547
     280
     337
     331
     151
      89
      56
      36
      21
       7
       6
       3
       2
       1
       0
       0
       2
       0
       0
       0
       1
       1
       0
       0
       0
       2
       0
       3
       0
       0
       0
       0
       1
       2
       0
       1
       0
       0
       0
       2
       0
       0
       1
       1
       1
       0
       0
       0
       0
       0
       1
       1
       1
       1
       1
       1
       1
       2
       2
       2
       0
       2
       0
       1
       2
       1
       4
       0
       1
       2
       3
       5
       5
       4
       2
       1
       0
       4
       1
       6
       2
       2
       3
       6
       2
       2
       3
       3
       1
       0
       3
       1
       5
       3
       3
       3
       1
       5
       1
       4
       2
       3
       6
       6
       4
       8
       4
       5
       7
      11
      10
      10
       7
       7
       8
       7
      12
      10
       7
      10
       7
       4
       8
       6
       5
       9
       9
       3
       6
       5
       7
       7
       5
       6
       4
       6
       3
       8
       6
       6
       8
       7
      13
       5
       8
       7
       6
       8
       3
       8
      11
       7
       4
       4
       5
       9
       4
       3
      12
       8
       9
       5
       6
       6
       5
       5
       5
       8
       6
      10
       4
       7
       7
       7
       6
       8
       7
       4
       9
       3
       7
       2
       6
       6
       7
       4
       6
       4
       8
       3
      13
       5
       6
       6
      12
       7
       7
       7
       5
       7
       4
      11
       6
      10
      10
       6
       7
       7
       8
       9
       3
       6
       4
       7
       7
       4
       6
       7
       9
       6
       1
       8
       9
       7
       9
       4
       7
       9
       5
      11
       5
       5
       4
      10
       7
       7
      13
       7
       8
      10
       9
       6
      15
       6
       4
       7
       5
       4
       7
       4
       7
       4
       9
       4
       3
       3
       7
      11
       4
       5
       7
       3
       6
      10
       5
       9
       6
       5
      11
       4
       3
       7
       3
      10
       9
      10
      16
      16
      18
      12
      20
      28
      30
      20
      21
       7
      10
      14
      10
      10
       4
       5
       9
       8
      13
      13
      11
      13
      23
      13
      20
      28
      22
      22
      20
      18
      16
      22
      18
      19
      17
      20
      17
      21
      12
      12
      17
      15
      14
      13
      16
       8
      10
      12
       7
      14
       9
       9
      11
      12
      10
       8
      12
      14
       4
       3
      11
       2
       6
       6
       6
       7
       7
       6
       9
       7
       8
       5
      10
      10
       9
       5
       4
       8
       4
       8
       5
       8
      11
       5
       6
      11
      11
       7
      12
      13
      15
      13
      17
      21
      10
      12
      13
      15
       7
       8
       9
       7
      11
       7
      10
       6
      10
       4
       4
       7
      12
       9
      12
       7
       5
       7
      10
      13
      11
      11
      14
       8
      14
      13
       8
      15
      14
      29
       9
      13
      11
      25
      10
      22
      12
      17
      12
      13
      22
      14
      24
      13
      16
      13
      13
      13
      12
      11
       8
      17
      10
      14
      14
       8
      14
      13
      10
      12
      12
      13
      13
      19
      19
      28
      18
      25
      20
      20
       8
      18
      21
      21
      22
      22
      15
      15
      22
      16
       8
      20
      15
      16
       9
      21
      21
      17
      18
      19
      23
      26
      34
      28
      29
      29
      37
      38
      32
      43
      47
      38
      43
      48
      57
      36
      52
      54
      49
      33
      47
      41
      30
      27
      24
      23
      21
      23
      26
      24
      23
      24
      27
      24
      32
      30
      36
      21
      27
      25
      32
      23
      48
      39
      40
      37
      37
      55
      52
      46
      58
      48
      43
      45
      38
      41
      39
      37
      35
      38
      40
      27
      36
      32
      33
      43
      39
      37
      36
      35
      34
      29
      25
      26
      29
      34
      29
      17
      24
      34
      23
      29
      26
      22
      15
      18
      23
      25
      16
      25
      15
      21
      17
      33
      32
      26
      22
      29
      34
      36
      34
      25
      39
      32
      39
      34
      34
      43
      35
      38
      46
      41
      52
      45
      36
      62
      63
      54
      53
      51
      46
      53
      59
      49
      56
      47
      58
      56
      58
      47
      41
      48
      48
      44
      37
      53
      29
      43
      39
      49
      36
      45
      43
      33
      25
      45
      48
      39
      46
      51
      45
      49
      52
      58
      49
      51
      43
      41
      57
      56
      61
      57
      48
      47
      47
      64
      52
      68
      52
      69
      64
      62
      51
      71
      54
      67
      56
      71
      55
      54
      64
      48
      42
      48
      53
      47
      62
      61
      37
      46
      60
      45
      57
      46
      50
      42
      40
      40
      44
      37
      46
      41
      32
      39
      37
      32
      31
      36
      41
      30
      36
      29
      22
      17
      15
      34
      24
      24
      27
      26
      24
      18
      21
      30
      21
      22
      20
      24
      22
      20
      18
      25
      28
      24
      18
      19
      26
      22
      16
      20
      22
      20
      22
      23
      20
      17
      16
      27
      19
      21
      24
      19
      22
      26
      26
      24
      19
      15
      18
      11
      24
      24
      16
      13
      24
      20
      17
      13
      16
      26
      29
      22
      35
      22
      19
      22
      20
      19
      16
      25
      14
      17
      25
      19
      12
      12
      14
      17
      11
      15
      17
      14
       9
       9
       9
       3
      11
      11
       8
       6
       9
      14
      12
      14
      12
      17
      12
       7
      15
       8
       7
       6
      11
      12
      11
       8
      10
      19
       7
       6
       8
      10
      17
      13
      14
       9
       7
       9
       5
      10
      13
       8
      11
      16
      11
       5
      11
       6
       4
       8
       8
      13
       8
      13
      14
      15
      16
      14
       9
       4
       9
       6
       7
      11
      19
      10
      17
      12
      11
      16
       8
      13
      16
      11
      10
      11
       8
       7
       3
      11
       8
       9
      15
       6
      12
       6
       6
       6
       4
       4
       6
       5
       4
       5
       3
       6
       3
       2
       2
       6
       7
       8
       9
      10
       6
      13
      10
      12
       2
       3
       0
       2
       1
       1
       1
       0
       4
       1
       2
       2
       4
       1
       8
       1
       1
       0
       5
       4
       9
       4
       2
       2
       4
       2
       3
       5
       3
       2
       1
       1
       4
       0
       3
       2
       1
       2
       1
       1
       0
       0
       2
       1
       1
       0
       1
       0
       1
       1
       0
       0
       0
       0
       0
       1
       0
       0
       2
       0
       1
       0
       0
       0
       0
       0
       0
       0
       0
       0
       0
       0
       0
       0
       0
       0
       0
       0
       0
       0
       0
       0
       0
       0
       0
       0
       0
       0
       0
       0
       0
       0
       0
       0
       0
       0
       1
       0
       0
       0
       0
       0
       0
       0
       0
       0
       0
       0
       0
       0
       0
       0
       0
       0
       0
       0
       0
       0
       0
       0
       0
       0
       0
       0
       0
       0
       1
       0
       0
       0
       0
       0
       0
       0
       0
       0
       0
       0
       0
       0
       0
       0
       0
       0
       0
       0
       0
       0
       0
       0
       0
       0
       0
       0
       0
       0
       0
       0
       0
       0
       0
       0
       0
       0
       0
       0
       0
       0
       0
       0
       0
       0
       0
       0
       0
       0
       0
       0
       0
       0
       0
       0
       0
       0
       0
       0
       0
       0
       0
       0
       0
       0
       0
       0
       0
       0
       0
       0
       0
       0
       0
       0
       0
       0
       0
       0
       0
       1
       0
       0
       0
       0
       0
       0
       0
       0
       0
       0
       0
       0
       0
       0
       0
       0
       0
       0
       0
       0
       0
       0
       0
       0
       0
       0
       0
       0
       0
       0
       0
       0
       0
       0
       0
       0
       0
       0
       0
       0
       0
       0
       0
       0
       0
       0
       0
       0
       0
       0
       0
       0
       0
       0
       0
       0
       0
       0
       0
       0
       0
       0
       0
       0
       0
       0
       0
       0
       0
       0
       0
       0
       0
       0
       0
       0
       0
       0
       0
       0
       0
       0
       0
       0
       0
       0
       0
       0
       0
       0
       0
       0
       0
       0
       0
       0
       0
       0
       0
       0
       0
       0
       0
       0
       0
       0
       0
       0
       0
       0
       0
       0
       0
       0
       0
       0
       0
       0
       0
       0
       0
       0
       0
       0
       0
       0
       0
       0
       0
       0
       0
       0
       0
       0
       0
       0
       0
       0
       0
       0
       0
       0
       0
       0
       0
       0
       0
       0
       0
       0
       0
       0
       0
       0
       0
       0
       0
       0
       0
       0
       0
       0
       0
       0
       0
       0
       0
       0
       0
       0
       0
       0
       0
       0
       0
       0
       0
       0
       0
       0
       0
       0
       0
       0
       0
       0
       0
       0
       0
       0
       0
       0
       0
       0
       0
       0
       0
       0
       0
       0
       0
       0
       0
       0
       0
       0
       0
       0
       0
       0
       0
       0
       0
       0
       0
       0
       0
       0
       0
       0
       0
       0
       0
       0
       0
       0
       0
       0
       0
       0
       0
       0
       0
       0
       0
       0
       0
       0
       0
       0
       0
       0
       0
       0
       0
       0
       0
       0
       0
       0
       0
       0
       0
       0
       0
       0
       0
       0
       0
       0
       0
       0
       0
       0
       0
       0
       0
       0
       0
       0
       0
       0
       0
       0
       0
       0
       0
       0
       0
       0
       0
       0
       0
       0
       0
       0
       0
       0
       0
       0
       0
       0
       0
       0
       0
       0
       0
       0
       0
       0
       0
       0
       0
       0
       0
       0
       0
       0
       0
       0
       0
       0
       0
       0
       0
       0
       0
       0
       0
       0
       0
       0
       0
       0
       0
       0
       0
       0
       0
       0
       0
       0
       0
       0
       0
       0
       0
       0
       0
       0
       0
       0
       0
       0
       0
       0
       0
       0
       0
       0
       0
       0
       0
       0
       0
       0
       0
       0
       0
       0
       0
       0
       0
       0
       0
       0
       0
       0
       0
       0
       0
       0
       0
       0
       0
       0
       0
       0
       0
       0
       0
       0
       0
       0
       0
       0
       0
       0
       0
       0
       0
       0
       0
       0
       0
       0
       0
       0
       0
       0
       0
       0
       0
       0
       0
       0
       0
       0
       0
       0
       0
       0
       0
       0
       0
       0
       0
       0
       0
       0
       0
       0
       0
       0
       0
       0
       0
       0
       0
       0
       0
       0
       0
       0
       0
       0
       0
       0
       0
       0
       0
       0
       0
       0
       0
       0
       0
       0
       0
       0
       0
       0
       0
       0
       0
       0
       0
       0
       0
       0
       0
       0
       0
       0
       0
       0
       0
       0
       0
       0
       0
       0
       0
       0
       0
       0
       0
       0
       0
       0
       0
       0
       0
       0
       0
       0
       0
       0
       0
       0
       0
       0
       0
       0
       0
       0
       0
       0
       0
       0
       0
       0
       0
       0
       0
       0
       0
       0
       0
       0
       0
       0
       0
       0
       0
       0
       0
       0
       0
       0
       0
       0
       0
       0
       0
       0
       0
       0
       0
       0
       0
       0
       0
       0
       0
       0
       0
       0
       0
       0
       0
       0
       0
       0
       0
       0
       0
       0
       0
       0
       0
       0
       0
       0
       0
       0
       0
       0
       0
       0
       0
       0
       0
       0
       0
       0
       0
       0
       0
       0
       0
       0
       0
       0
       0
       0
       0
       0
       0
       0
       0
       0
       0
       0
       0
       0
       0
       0
       0
       0
       0
       0
       0
       0
       0
       0
       0
       0
       0
       0
       0
       0
       0
       0
       0
       0
       0
       0
       0
       0
       0
       0
       0
       0
       0
       0
       0
       0
       0
       0
       0
       0
       0
       0
       0
       0
       0
       0
       0
       0
       0
       0
       0
       0
       0
       0
       0
       0
       0
       0
       0
       0
       0
       0
       0
       0
       0
       0
       0
       0
       0
       0
       0
       0
       0
       0
       0
       0
       0
       0
       0
       0
       0
       0
       0
       0
       0
       0
       0
       0
       0
       0
       0
       0
       0
       0
       0
       0
       0
       0
       0
       0
       0
       0
       0
       0
       0
       0
       0
       0
       0
       0
       0
       0
       0
       0
       0
       0
       0
       0
       0
       0
       0
       0
       0
       0
       0
       0
       0
       0
       0
       0
       0
       0
       0
       0
       0
       0
       0
       0
       0
       0
       0
       0
       0
       0
       0
       0
       0
       0
       0
       0
       0
       0
       0
       0
       0
       0
       0
       0
       0
       0
       0
       0
       0
       0
       0
       0
       0
       0
       0
       0
       0
       0
       0
       0
       0
       0
       0
       0
       0
       0
       0
       0
       0
       0
       0
       0
       0
       0
       0
       0
       0
       0
       0
       0
       0
       0
       0
       0
       0
       0
       0
       0
       0
       0
       0
       0
       0
       0
       0
       0
       0
       0
       0
       0
       0
       0
       0
       0
       0
       0
       0
       0
       0
       0
       0
       0
       0
       0
       0
       0
       0
       0
       0
       0
       0
       0
       0
       0
       0
       0
       0
       0
       0
       0
       0
       0
       0
       0
       0
       0
       0
       0
       0
       0
       0
       0
       0
       0
       0
       0
       0
       0
       0
       0
       0
       0
       0
       0
       0
       0
       0
       0
       0
       0
       0
       0
       0
       0
       0
       0
       0
       0
       0
       0
       0
       0
       0
       0
       0
       0
       0
       0
       0
       0
       0
       0
       0
       0
       0
       0
       0
       0
       0
       0
       0
       0
       0
       0
       0
       0
       0
       0
       0
       0
       0
       0
       0
       0
       0
       0
       0
       0
       0
       0
       0
       0
       0
       0
       0
       0
       0
       0
       0
       0
       0
       0
       0
       0
       0
       0
       0
       0
       0
       0
       0
       0
       0
       0
       0
       0
       0
       0
       0
       0
       0
       0
       0
       0
       0
       0
       0
       0
       0
       0
       0
       0
       0
       0
       0
       0
       0
       0
       0
       0
       0
       0
       0
       0
       0
       0
       0
       0
       0
       0
       0
       0
       0
       0
       0
$ROI:
0
$PRESETS:
Live Time
3600
0
$ENER_FIT:
-0.224999 0.029000
$MCA_CAL:
3
-2.249987E-001 2.900000E-002 0.000000E+000 keV
$SHAPE_CAL:
3
0.000000E+000 0.000000E+000 0.000000E+000
