$SPEC_ID:
Fe-55 sample
$SPEC_REM:
DET# 1
DETDESC# DESKTOP-SOU5NOG Easy-MCA-2k SN 14127175
AP# Maestro Version 7.01
$DATE_MEA:
01/30/2023 15:52:25
$MEAS_TIM:
600 600
$DATA:
0 2047
       0
       0
       0
      19
      79
      13
      29
     107
      72
      72
      37
      18
       3
       2
       0
       0
       0
       0
       0
       0
       0
       1
       0
       0
       0
       0
       0
       1
       0
       0
       0
       0
       1
       0
       0
       0
       0
       0
       1
       0
       0
       0
       0
       0
       0
       0
       2
       0
       0
       0
       0
       0
       0
       0
       0
       0
       0
       1
       1
       0
       0
       1
       0
       0
       0
       0
       0
       1
       0
       1
       0
       1
       2
       2
       4
       1
       0
       2
       1
       0
       1
       0
       1
       0
       0
       1
       1
       0
       0
       0
       1
       1
       0
       0
       0
       0
       3
       1
       1
       0
       0
       1
       2
       2
       0
       1
       0
       0
       2
       1
       1
       3
       3
       3
       5
       2
       2
       1
       2
       2
       2
       1
       0
       3
       0
       1
       0
       0
       2
       1
       1
       1
       0
       1
       2
       2
       1
       2
       2
       2
       0
       0
       0
       1
       0
       0
       0
       1
       1
       0
       2
       0
       0
       1
       0
       1
       1
       1
       0
       1
       1
       0
       2
       2
       2
       0
       0
       0
       1
       0
       0
       1
       0
       2
       1
       1
       0
       1
       1
       3
       0
       1
       0
       1
       0
       0
       0
       0
       0
       3
       0
       2
       1
       0
       3
       0
       0
       2
       0
       0
       1
       0
       0
       0
       1
       0
       2
       0
       1
       2
       2
       0
       1
       1
       1
       0
       0
       0
       0
       1
       0
       1
       1
       2
       3
       0
       6
       4
       2
       5
       3
       4
       3
       0
       1
       0
       1
       4
       0
       0
       0
       0
       1
       0
       1
       2
       1
       1
       1
       0
       0
       0
       1
       0
       2
       3
       0
       0
       0
       1
       1
       1
       0
       0
       2
       3
       5
       2
       5
       1
       2
       0
       2
       3
       1
       4
       1
       1
       0
       0
       1
       4
       9
       9
       5
      10
      19
      16
      21
      17
       8
      14
       3
       1
       2
       2
       0
       0
       0
       1
       0
       2
       1
       1
       2
       2
       3
       3
       9
       4
       0
       5
       0
       0
       2
       1
       0
       2
       1
       2
       3
       2
       0
       3
       0
       2
       0
       1
       1
       0
       3
       1
       1
       0
       1
       3
       2
       0
       2
       2
       0
       3
       1
       0
       2
       2
       0
       2
       3
       2
       1
       0
       0
       2
       1
       2
       1
       1
       1
       0
       1
       1
       1
       1
       3
       0
       1
       5
       7
       4
       2
       7
       6
       8
      11
      12
       5
       4
       3
       3
       3
       2
       6
       2
       0
       4
       1
       0
       3
       1
       1
       0
       1
       2
       2
       1
       0
       1
       1
       3
       4
       3
       4
       0
       6
       3
       3
       6
       0
       0
       6
       6
       4
       9
       6
       3
       2
       5
       5
       1
       1
       4
       2
       3
       4
       5
       5
       3
       2
       2
       1
       2
       6
       3
       1
       4
       2
       2
       6
       6
       6
       7
       7
       5
       1
       6
       6
       9
      12
      10
      13
      15
       6
       9
       8
      10
       5
       2
       3
       1
       1
       5
       6
       3
       3
       4
       6
       6
       5
       4
       6
       7
       6
       3
       7
       7
      12
      12
      18
      14
      25
      28
      37
      27
      31
      31
      35
      31
      20
      14
      11
      11
       4
       8
       5
       3
       4
       6
       4
       6
       3
       2
       1
       3
       3
       2
       0
       3
       2
       5
       5
       8
       7
       8
       2
       3
       5
       4
       2
       3
       4
       8
       5
       6
       3
       2
       4
       6
       1
       4
       7
       3
       6
       2
       2
       2
       9
       4
       7
       7
       6
       6
       4
       8
       5
       6
       6
       5
       3
       6
      10
       7
       9
       9
       2
       6
       4
      12
       7
       4
       2
      10
       5
       5
       7
      11
       6
       6
       7
       9
      10
       6
       5
      12
       7
      17
      19
      21
      20
      23
      25
      20
      31
      22
      20
      27
      36
      37
      23
      34
      30
      30
      31
      29
      24
      18
      21
      19
      15
      12
      25
      13
      24
      17
      18
      16
      18
      18
       5
      11
       6
       4
       7
       6
      10
       6
       5
       8
       5
       7
       3
       1
       5
       6
       4
       5
       8
      12
      10
       3
      17
       9
      11
      12
       8
      13
      10
      10
      12
      11
      15
       5
      13
       7
       3
       1
      10
       7
       4
       6
       9
       7
       4
       5
       5
       5
       3
       2
       6
       6
       4
       6
       7
       7
       5
       3
       5
       4
       6
       4
       6
       4
       9
       3
      11
       5
       4
       2
       3
       3
       5
       8
       4
       4
       2
       3
       3
       5
       4
       8
       4
       4
       7
       0
       3
       5
       3
       5
       7
       4
       0
       7
       7
       1
       6
       4
       3
       2
       2
       1
       1
       1
       4
       2
       1
       5
       7
       3
       2
       3
       1
       3
       2
       0
       2
       3
       3
       1
       1
       3
       3
       4
       1
       2
       3
       5
       4
       0
       5
      56
      56
       0
       0
       0
       0
       0
       0
       0
       0
       0
       0
       0
       0
       0
       0
       0
       0
       0
       0
       0
       0
       0
       0
       0
       0
       0
       0
       0
       0
       0
       0
       0
       0
       0
       0
       0
       0
       0
       0
       0
       0
       0
       0
       0
       0
       0
       0
       0
       0
       0
       0
       0
       0
       0
       0
       0
       0
       0
       0
       0
       0
       0
       0
       0
       0
       0
       0
       0
       0
       0
       0
       0
       0
       0
       0
       0
       0
       0
       0
       0
       0
       0
       0
       0
       0
       0
       0
       0
       0
       0
       0
       0
       0
       0
       0
       0
       0
       0
       0
       0
       0
       0
       0
       0
       0
       0
       0
       0
       0
       0
       0
       0
       0
       0
       0
       0
       0
       0
       0
       0
       0
       0
       0
       0
       0
       0
       0
       0
       0
       0
       0
       0
       0
       0
       0
       0
       0
       0
       0
       0
       0
       0
       0
       0
       0
       0
       0
       0
       0
       0
       0
       0
       0
       0
       0
       0
       0
       0
       0
       0
       0
       0
       0
       0
       0
       0
       0
       0
       0
       0
       0
       0
       0
       0
       0
       0
       0
       0
       0
       0
       0
       0
       0
       0
       0
       0
       0
       0
       0
       0
       0
       0
       0
       0
       0
       0
       0
       0
       0
       0
       0
       0
       0
       0
       0
       0
       0
       0
       0
       0
       0
       0
       0
       0
       0
       0
       0
       0
       0
       0
       0
       0
       0
       0
       0
       0
       0
       0
       0
       0
       0
       0
       0
       0
       0
       0
       0
       0
       0
       0
       0
       0
       0
       0
       0
       0
       0
       0
       0
       0
       0
       0
       0
       0
       0
       0
       0
       0
       0
       0
       0
       0
       0
       0
       0
       0
       0
       0
       0
       0
       0
       0
       0
       0
       0
       0
       0
       0
       0
       0
       0
       0
       0
       0
       0
       0
       0
       0
       0
       0
       0
       0
       0
       0
       0
       0
       0
       0
       0
       0
       0
       0
       0
       0
       0
       0
       0
       0
       0
       0
       0
       0
       0
       0
       0
       0
       0
       0
       0
       0
       0
       0
       0
       0
       0
       0
       0
       0
       0
       0
       0
       0
       0
       0
       0
       0
       0
       0
       0
       0
       0
       0
       0
       0
       0
       0
       0
       0
       0
       0
       0
       0
       0
       0
       0
       0
       0
       0
       0
       0
       0
       0
       0
       0
       0
       0
       0
       0
       0
       0
       0
       0
       0
       0
       0
       0
       0
       0
       0
       0
       0
       0
       0
       0
       0
       0
       0
       0
       0
       0
       0
       0
       0
       0
       0
       0
       0
       0
       0
       0
       0
       0
       0
       0
       0
       0
       0
       0
       0
       0
       0
       0
       0
       0
       0
       0
       0
       0
       0
       0
       0
       0
       0
       0
       0
       0
       0
       0
       0
       0
       0
       0
       0
       0
       0
       0
       0
       0
       0
       0
       0
       0
       0
       0
       0
       0
       0
       0
       0
       0
       0
       0
       0
       0
       0
       0
       0
       0
       0
       0
       0
       0
       0
       0
       0
       0
       0
       0
       0
       0
       0
       0
       0
       0
       0
       0
       0
       0
       0
       0
       0
       0
       0
       0
       0
       0
       0
       0
       0
       0
       0
       0
       0
       0
       0
       0
       0
       0
       0
       0
       0
       0
       0
       0
       0
       0
       0
       0
       0
       0
       0
       0
       0
       0
       0
       0
       0
       0
       0
       0
       0
       0
       0
       0
       0
       0
       0
       0
       0
       0
       0
       0
       0
       0
       0
       0
       0
       0
       0
       0
       0
       0
       0
       0
       0
       0
       0
       0
       0
       0
       0
       0
       0
       0
       0
       0
       0
       0
       0
       0
       0
       0
       0
       0
       0
       0
       0
       0
       0
       0
       0
       0
       0
       0
       0
       0
       0
       0
       0
       0
       0
       0
       0
       0
       0
       0
       0
       0
       0
       0
       0
       0
       0
       0
       0
       0
       0
       0
       0
       0
       0
       0
       0
       0
       0
       0
       0
       0
       0
       0
       0
       0
       0
       0
       0
       0
       0
       0
       0
       0
       0
       0
       0
       0
       0
       0
       0
       0
       0
       0
       0
       0
       0
       0
       0
       0
       0
       0
       0
       0
       0
       0
       0
       0
       0
       0
       0
       0
       0
       0
       0
       0
       0
       0
       0
       0
       0
       0
       0
       0
       0
       0
       0
       0
       0
       0
       0
       0
       0
       0
       0
       0
       0
       0
       0
       0
       0
       0
       0
       0
       0
       0
       0
       0
       0
       0
       0
       0
       0
       0
       0
       0
       0
       0
       0
       0
       0
       0
       0
       0
       0
       0
       0
       0
       0
       0
       0
       0
       0
       0
       0
       0
       0
       0
       0
       0
       0
       0
       0
       0
       0
       0
       0
       0
       0
       0
       0
       0
       0
       0
       0
       0
       0
       0
       0
       0
       0
       0
       0
       0
       0
       0
       0
       0
       0
       0
       0
       0
       0
       0
       0
       0
       0
       0
       0
       0
       0
       0
       0
       0
       0
       0
       0
       0
       0
       0
       0
       0
       0
       0
       0
       0
       0
       0
       0
       0
       0
       0
       0
       0
       0
       0
       0
       0
       0
       0
       0
       0
       0
       0
       0
       0
       0
       0
       0
       0
       0
       0
       0
       0
       0
       0
       0
       0
       0
       0
       0
       0
       0
       0
       0
       0
       0
       0
       0
       0
       0
       0
       0
       0
       0
       0
       0
       0
       0
       0
       0
       0
       0
       0
       0
       0
       0
       0
       0
       0
       0
       0
       0
       0
       0
       0
       0
       0
       0
       0
       0
       0
       0
       0
       0
       0
       0
       0
       0
       0
       0
       0
       0
       0
       0
       0
       0
       0
       0
       0
       0
       0
       0
       0
       0
       0
       0
       0
       0
       0
       0
       0
       0
       0
       0
       0
       0
       0
       0
       0
       0
       0
       0
       0
       0
       0
       0
       0
       0
       0
       0
       0
       0
       0
       0
       0
       0
       0
       0
       0
       0
       0
       0
       0
       0
       0
       0
       0
       0
       0
       0
       0
       0
       0
       0
       0
       0
       0
       0
       0
       0
       0
       0
       0
       0
       0
       0
       0
       0
       0
       0
       0
       0
       0
       0
       0
       0
       0
       0
       0
       0
       0
       0
       0
       0
       0
       0
       0
       0
       0
       0
       0
       0
       0
       0
       0
       0
       0
       0
       0
       0
       0
       0
       0
       0
       0
       0
       0
       0
       0
       0
       0
       0
       0
       0
       0
       0
       0
       0
       0
       0
       0
       0
       0
       0
       0
       0
       0
       0
       0
       0
       0
       0
       0
       0
       0
       0
       0
       0
       0
       0
       0
       0
       0
       0
       0
       0
       0
       0
       0
       0
       0
       0
       0
       0
       0
       0
       0
       0
       0
       0
       0
       0
       0
       0
       0
       0
       0
       0
       0
       0
       0
       0
       0
       0
       0
       0
       0
       0
       0
       0
       0
       0
       0
       0
       0
       0
       0
       0
       0
       0
       0
       0
       0
       0
       0
       0
       0
       0
       0
       0
       0
       0
       0
       0
       0
       0
       0
       0
       0
       0
       0
       0
       0
       0
       0
       0
       0
       0
       0
       0
       0
       0
       0
       0
       0
       0
       0
       0
       0
       0
       0
       0
       0
       0
       0
       0
       0
       0
       0
       0
       0
       0
       0
       0
       0
       0
       0
       0
       0
       0
       0
       0
       0
       0
       0
       0
       0
       0
       0
       0
       0
       0
       0
       0
       0
       0
       0
       0
       0
       0
       0
       0
       0
       0
       0
       0
       0
       0
       0
       0
       0
       0
       0
       0
       0
       0
       0
       0
       0
       0
       0
       0
       0
       0
       0
       0
       0
       0
       0
       0
       0
       0
       0
       0
       0
       0
       0
       0
       0
       0
       0
       0
       0
       0
       0
       0
       0
       0
       0
       0
       0
       0
       0
       0
       0
       0
       0
       0
       0
       0
       0
       0
       0
       0
       0
       0
       0
       0
       0
       0
       0
       0
       0
       0
       0
       0
       0
       0
       0
       0
       0
       0
       0
       0
       0
       0
       0
       0
       0
       0
       0
       0
       0
       0
       0
       0
       0
       0
       0
       0
       0
       0
       0
       0
       0
       0
       0
       0
       0
       0
       0
       0
       0
       0
       0
       0
       0
       0
       0
       0
       0
       0
       0
       0
       0
       0
       0
       0
       0
       0
       0
       0
       0
       0
       0
       0
       0
       0
       0
       0
       0
       0
       0
       0
       0
       0
       0
       0
       0
       0
       0
       0
       0
       0
       0
       0
       0
       0
       0
       0
       0
       0
       0
       0
       0
       0
       0
       0
       0
       0
       0
$ROI:
0
$PRESETS:
None
0
0
$ENER_FIT:
-0.224999 0.029000
$MCA_CAL:
3
-2.249987E-001 2.900000E-002 0.000000E+000 keV
$SHAPE_CAL:
3
0.000000E+000 0.000000E+000 0.000000E+000
