$SPEC_ID:
Fe-55 sample
$SPEC_REM:
DET# 1
DETDESC# DESKTOP-SOU5NOG Easy-MCA-2k SN 14127175
AP# Maestro Version 7.01
$DATE_MEA:
02/06/2023 14:48:40
$MEAS_TIM:
756 758
$DATA:
0 2047
       0
       0
       0
     136
     107
      14
      47
     154
      69
      77
      40
      17
       6
       1
       0
       0
       0
       0
       0
       0
       0
       0
       0
       0
       0
       0
       1
       0
       1
       0
       0
       0
       0
       0
       2
       1
       1
       0
       0
       0
       1
       2
       1
       0
       1
       1
       1
       0
       0
       1
       1
       2
       3
       0
       1
       3
       4
       6
       4
       8
       7
       7
       6
       4
       4
       6
       5
       2
       7
       5
       6
       6
       7
       6
       6
       4
      10
       6
       8
       9
      15
       7
       6
       5
       8
       5
      10
       8
       8
       8
       6
       7
       9
      13
       4
       7
      10
       9
       1
       9
       7
       5
       3
      13
       9
      10
      15
       9
      17
      20
      21
      19
      18
      11
      12
      13
       9
      15
      11
      13
      10
      12
      14
      11
       8
       9
       8
       5
       8
      11
       6
       9
       7
       8
       9
       9
      13
       4
       8
      11
       6
       9
       9
      11
       9
      13
      10
       7
      10
       9
      10
      16
      16
      29
      38
      35
      43
      41
      33
      37
      66
     106
     169
     328
     564
     911
    1230
    1584
    1708
    1579
    1288
    1021
     626
     324
     172
      91
      44
      47
      44
      83
     126
     163
     202
     243
     265
     258
     231
     137
     109
      43
      28
      12
       7
       4
       2
       2
       0
       2
       1
       3
       2
       1
       3
       2
       0
       1
       2
       0
       3
       0
       2
       2
       0
       2
       1
      12
       3
       7
       3
       7
       1
       1
       1
       3
       2
       0
       0
       0
       2
       0
       0
       0
       0
       1
       1
       1
       1
       1
       1
       0
       0
       0
       2
       1
       1
       1
       2
       1
       1
       1
       2
       3
       2
       3
       3
       1
       1
       3
       3
       1
       2
       1
       2
       0
       0
       2
       3
       4
       4
       6
       6
       5
       8
       3
       5
       8
       0
       1
       2
       5
       2
       3
       2
       4
       1
       2
       2
       0
       2
       2
       4
       3
       0
       2
       2
       0
       3
       1
       2
       0
       0
       0
       0
       3
       1
       1
       0
       2
       3
       0
       1
       3
       2
       2
       1
       2
       2
       1
       1
       1
       2
       2
       2
       4
       2
       3
       5
       0
       1
       2
       3
       0
       2
       3
       1
       1
       3
       1
       3
       0
       0
       1
       1
       1
       0
       3
       4
       4
       4
       5
       5
       7
      10
       8
      12
      11
       8
       9
       8
       3
       4
       2
       2
       0
       0
       0
       1
       1
       0
       1
       0
       0
       2
       1
       0
       2
       1
       2
       0
       0
       2
       2
       0
       0
       0
       1
       2
       1
       0
       1
       2
       1
       1
       3
       2
       2
       2
       1
       3
       0
       2
       2
       2
       2
       3
       2
       3
       3
       5
       2
       2
       0
       1
       6
       1
       7
       3
       1
      12
       5
       6
      15
       6
      14
      10
       9
       5
       6
       4
       2
       2
       1
       2
       2
       3
       1
       4
       3
       2
       4
       2
       2
       1
       1
       2
       3
       3
       6
       2
       3
       2
       0
       4
       4
       2
       2
       1
       3
       3
       6
       4
       6
       5
       5
       2
       3
       4
       3
       2
       5
       5
       3
       0
       1
       3
       3
       3
       6
       4
       3
       1
       2
       5
       1
       4
       4
       4
       9
       5
       5
       5
       2
       4
       5
       4
       8
       0
       2
       9
       3
       3
       1
       3
       6
       3
       3
       6
       4
       3
       5
       5
       4
       4
       6
       8
       6
       5
       5
       2
       9
      11
       8
       8
       9
      14
      12
      12
      13
      15
      18
      15
      13
      22
      18
      19
      22
      35
      27
      35
      22
      26
      25
      17
      23
      18
      22
      20
      17
      13
      24
      23
      26
      30
      23
      20
       7
      11
      12
       7
      14
       5
       5
       7
      10
       4
       7
       9
      11
       4
       9
       6
       9
       9
      16
       9
      10
      11
      13
       9
       8
       7
       4
      11
      13
      12
      12
      15
       8
       8
       4
      10
       9
       7
       6
       6
       4
       7
      11
       3
       7
       3
       7
       3
       3
       8
       3
       3
       6
       5
       4
       3
       9
       5
       6
       4
       5
       7
       8
      10
       6
       4
       3
       5
       5
       6
       4
       2
       5
       4
       5
       5
       2
       7
       3
       9
       1
       5
       4
       4
       8
       2
       4
       4
       4
      10
       7
       6
       5
       4
      14
      11
       8
      11
      16
      22
      30
      38
       1
       0
       0
       0
       0
       0
       0
       0
       0
       0
       0
       0
       0
       0
       0
       0
       0
       0
       0
       0
       0
       0
       0
       0
       0
       0
       0
       0
       0
       0
       0
       0
       0
       0
       0
       0
       0
       0
       0
       0
       0
       0
       0
       0
       0
       0
       0
       0
       0
       0
       0
       0
       0
       0
       0
       0
       0
       0
       0
       0
       0
       0
       0
       0
       0
       0
       0
       0
       0
       0
       0
       0
       0
       0
       0
       0
       0
       0
       0
       0
       0
       0
       0
       0
       0
       0
       0
       0
       0
       0
       0
       0
       0
       0
       0
       0
       0
       0
       0
       0
       0
       0
       0
       0
       0
       0
       0
       0
       0
       0
       0
       0
       0
       0
       0
       0
       0
       0
       0
       0
       0
       0
       0
       0
       0
       0
       0
       0
       0
       0
       0
       0
       0
       0
       0
       0
       0
       0
       0
       0
       0
       0
       0
       0
       0
       0
       0
       0
       0
       0
       0
       0
       0
       0
       0
       0
       0
       0
       0
       0
       0
       0
       0
       0
       0
       0
       0
       0
       0
       0
       0
       0
       0
       0
       0
       0
       0
       0
       0
       0
       0
       0
       0
       0
       0
       0
       0
       0
       0
       0
       0
       0
       0
       0
       0
       0
       0
       0
       0
       0
       0
       0
       0
       0
       0
       0
       0
       0
       0
       0
       0
       0
       0
       0
       0
       0
       0
       0
       0
       0
       0
       0
       0
       0
       0
       0
       0
       0
       0
       0
       0
       0
       0
       0
       0
       0
       0
       0
       0
       0
       0
       0
       0
       0
       0
       0
       0
       0
       0
       0
       0
       0
       0
       0
       0
       0
       0
       0
       0
       0
       0
       0
       0
       0
       0
       0
       0
       0
       0
       0
       0
       0
       0
       0
       0
       0
       0
       0
       0
       0
       0
       0
       0
       0
       0
       0
       0
       0
       0
       0
       0
       0
       0
       0
       0
       0
       0
       0
       0
       0
       0
       0
       0
       0
       0
       0
       0
       0
       0
       0
       0
       0
       0
       0
       0
       0
       0
       0
       0
       0
       0
       0
       0
       0
       0
       0
       0
       0
       0
       0
       0
       0
       0
       0
       0
       0
       0
       0
       0
       0
       0
       0
       0
       0
       0
       0
       0
       0
       0
       0
       0
       0
       0
       0
       0
       0
       0
       0
       0
       0
       0
       0
       0
       0
       0
       0
       0
       0
       0
       0
       0
       0
       0
       0
       0
       0
       0
       0
       0
       0
       0
       0
       0
       0
       0
       0
       0
       0
       0
       0
       0
       0
       0
       0
       0
       0
       0
       0
       0
       0
       0
       0
       0
       0
       0
       0
       0
       0
       0
       0
       0
       0
       0
       0
       0
       0
       0
       0
       0
       0
       0
       0
       0
       0
       0
       0
       0
       0
       0
       0
       0
       0
       0
       0
       0
       0
       0
       0
       0
       0
       0
       0
       0
       0
       0
       0
       0
       0
       0
       0
       0
       0
       0
       0
       0
       0
       0
       0
       0
       0
       0
       0
       0
       0
       0
       0
       0
       0
       0
       0
       0
       0
       0
       0
       0
       0
       0
       0
       0
       0
       0
       0
       0
       0
       0
       0
       0
       0
       0
       0
       0
       0
       0
       0
       0
       0
       0
       0
       0
       0
       0
       0
       0
       0
       0
       0
       0
       0
       0
       0
       0
       0
       0
       0
       0
       0
       0
       0
       0
       0
       0
       0
       0
       0
       0
       0
       0
       0
       0
       0
       0
       0
       0
       0
       0
       0
       0
       0
       0
       0
       0
       0
       0
       0
       0
       0
       0
       0
       0
       0
       0
       0
       0
       0
       0
       0
       0
       0
       0
       0
       0
       0
       0
       0
       0
       0
       0
       0
       0
       0
       0
       0
       0
       0
       0
       0
       0
       0
       0
       0
       0
       0
       0
       0
       0
       0
       0
       0
       0
       0
       0
       0
       0
       0
       0
       0
       0
       0
       0
       0
       0
       0
       0
       0
       0
       0
       0
       0
       0
       0
       0
       0
       0
       0
       0
       0
       0
       0
       0
       0
       0
       0
       0
       0
       0
       0
       0
       0
       0
       0
       0
       0
       0
       0
       0
       0
       0
       0
       0
       0
       0
       0
       0
       0
       0
       0
       0
       0
       0
       0
       0
       0
       0
       0
       0
       0
       0
       0
       0
       0
       0
       0
       0
       0
       0
       0
       0
       0
       0
       0
       0
       0
       0
       0
       0
       0
       0
       0
       0
       0
       0
       0
       0
       0
       0
       0
       0
       0
       0
       0
       0
       0
       0
       0
       0
       0
       0
       0
       0
       0
       0
       0
       0
       0
       0
       0
       0
       0
       0
       0
       0
       0
       0
       0
       0
       0
       0
       0
       0
       0
       0
       0
       0
       0
       0
       0
       0
       0
       0
       0
       0
       0
       0
       0
       0
       0
       0
       0
       0
       0
       0
       0
       0
       0
       0
       0
       0
       0
       0
       0
       0
       0
       0
       0
       0
       0
       0
       0
       0
       0
       0
       0
       0
       0
       0
       0
       0
       0
       0
       0
       0
       0
       0
       0
       0
       0
       0
       0
       0
       0
       0
       0
       0
       0
       0
       0
       0
       0
       0
       0
       0
       0
       0
       0
       0
       0
       0
       0
       0
       0
       0
       0
       0
       0
       0
       0
       0
       0
       0
       0
       0
       0
       0
       0
       0
       0
       0
       0
       0
       0
       0
       0
       0
       0
       0
       0
       0
       0
       0
       0
       0
       0
       0
       0
       0
       0
       0
       0
       0
       0
       0
       0
       0
       0
       0
       0
       0
       0
       0
       0
       0
       0
       0
       0
       0
       0
       0
       0
       0
       0
       0
       0
       0
       0
       0
       0
       0
       0
       0
       0
       0
       0
       0
       0
       0
       0
       0
       0
       0
       0
       0
       0
       0
       0
       0
       0
       0
       0
       0
       0
       0
       0
       0
       0
       0
       0
       0
       0
       0
       0
       0
       0
       0
       0
       0
       0
       0
       0
       0
       0
       0
       0
       0
       0
       0
       0
       0
       0
       0
       0
       0
       0
       0
       0
       0
       0
       0
       0
       0
       0
       0
       0
       0
       0
       0
       0
       0
       0
       0
       0
       0
       0
       0
       0
       0
       0
       0
       0
       0
       0
       0
       0
       0
       0
       0
       0
       0
       0
       0
       0
       0
       0
       0
       0
       0
       0
       0
       0
       0
       0
       0
       0
       0
       0
       0
       0
       0
       0
       0
       0
       0
       0
       0
       0
       0
       0
       0
       0
       0
       0
       0
       0
       0
       0
       0
       0
       0
       0
       0
       0
       0
       0
       0
       0
       0
       0
       0
       0
       0
       0
       0
       0
       0
       0
       0
       0
       0
       0
       0
       0
       0
       0
       0
       0
       0
       0
       0
       0
       0
       0
       0
       0
       0
       0
       0
       0
       0
       0
       0
       0
       0
       0
       0
       0
       0
       0
       0
       0
       0
       0
       0
       0
       0
       0
       0
       0
       0
       0
       0
       0
       0
       0
       0
       0
       0
       0
       0
       0
       0
       0
       0
       0
       0
       0
       0
       0
       0
       0
       0
       0
       0
       0
       0
       0
       0
       0
       0
       0
       0
       0
       0
       0
       0
       0
       0
       0
       0
       0
       0
       0
       0
       0
       0
       0
       0
       0
       0
       0
       0
       0
       0
       0
       0
       0
       0
       0
       0
       0
       0
       0
       0
       0
       0
       0
       0
       0
       0
       0
       0
       0
       0
       0
       0
       0
       0
       0
       0
       0
       0
       0
       0
       0
       0
       0
       0
       0
       0
       0
       0
       0
       0
       0
       0
       0
       0
       0
       0
       0
       0
       0
       0
       0
       0
       0
       0
       0
       0
       0
       0
       0
       0
       0
       0
       0
       0
       0
       0
       0
       0
       0
       0
       0
       0
       0
       0
       0
       0
       0
       0
       0
       0
       0
       0
       0
       0
       0
       0
       0
       0
       0
       0
       0
       0
       0
       0
       0
       0
       0
       0
       0
       0
       0
       0
       0
       0
       0
       0
       0
       0
       0
       0
       0
       0
       0
       0
       0
       0
       0
       0
       0
       0
       0
       0
       0
       0
       0
       0
       0
       0
       0
       0
       0
       0
       0
       0
       0
       0
       0
       0
       0
       0
       0
       0
       0
       0
       0
       0
       0
       0
       0
       0
       0
       0
       0
       0
       0
       0
       0
       0
       0
       0
       0
       0
       0
       0
       0
       0
       0
       0
       0
       0
       0
       0
       0
       0
       0
       0
       0
       0
       0
       0
       0
       0
       0
       0
       0
       0
       0
       0
       0
       0
       0
       0
       0
       0
       0
       0
       0
       0
       0
       0
       0
       0
       0
       0
       0
       0
       0
       0
       0
       0
       0
       0
       0
       0
       0
       0
       0
       0
       0
       0
       0
       0
       0
       0
       0
       0
       0
       0
       0
       0
       0
       0
       0
       0
       0
       0
       0
       0
       0
       0
       0
       0
       0
       0
       0
       0
       0
       0
       0
       0
       0
       0
       0
       0
       0
       0
       0
       0
       0
       0
       0
       0
       0
       0
       0
       0
       0
       0
       0
       0
       0
       0
       0
       0
       0
       0
       0
       0
       0
       0
$ROI:
0
$PRESETS:
Live Time
1200
0
$ENER_FIT:
-0.224999 0.029000
$MCA_CAL:
3
-2.249987E-001 2.900000E-002 0.000000E+000 keV
$SHAPE_CAL:
3
0.000000E+000 0.000000E+000 0.000000E+000
