$SPEC_ID:
Fe-55 sample
$SPEC_REM:
DET# 1
DETDESC# DESKTOP-SOU5NOG Easy-MCA-2k SN 14127175
AP# Maestro Version 7.01
$DATE_MEA:
01/30/2023 14:26:15
$MEAS_TIM:
195 195
$DATA:
0 2047
       0
       0
       0
       8
      29
       0
      11
      35
      21
      24
      18
       5
       3
       1
       0
       1
       1
       0
       0
       0
       0
       0
       0
       0
       0
       0
       0
       0
       0
       0
       0
       0
       0
       0
       0
       0
       0
       0
       0
       0
       0
       0
       0
       0
       1
       0
       0
       0
       0
       0
       1
       0
       0
       0
       1
       0
       0
       1
       0
       0
       0
       0
       0
       0
       0
       0
       0
       0
       1
       0
       0
       1
       0
       0
       1
       1
       1
       0
       0
       2
       2
       0
       0
       2
       1
       0
       0
       0
       2
       0
       1
       0
       0
       0
       1
       1
       0
       0
       3
       0
       1
       0
       1
       0
       0
       0
       0
       1
       2
       1
       1
       0
       2
       0
       1
       1
       1
       1
       0
       1
       2
       0
       1
       1
       1
       1
       3
       1
       2
       0
       1
       1
       0
       0
       2
       0
       1
       2
       0
       1
       2
       0
       0
       0
       1
       1
       0
       1
       3
       1
       0
       1
       1
       1
       0
       1
       1
       1
       0
       1
       0
       0
       0
       3
       1
       2
       0
       1
       1
       4
       4
       3
       3
       4
       1
       0
       3
       3
       8
      10
      19
      22
      41
      63
      94
     106
     125
     112
     111
      96
      53
      45
      21
       6
      11
       6
       4
       4
       6
       4
      18
      20
      19
      21
      29
      25
      17
      11
      11
       7
       6
       1
       2
       1
       0
       0
       1
       0
       0
       1
       0
       0
       0
       1
       1
       1
       1
       0
       1
       1
       0
       0
       0
       1
       2
       1
       1
       0
       2
       2
       2
       3
       1
       2
       2
       2
       1
       2
       0
       0
       1
       2
       1
       0
       0
       1
       1
       1
       0
       2
       0
       0
       1
       1
       0
       1
       1
       0
       1
       0
       0
       1
       0
       0
       0
       1
       1
       0
       2
       0
       0
       1
       1
       0
       0
       0
       0
       0
       1
       0
       0
       2
       1
       2
       0
       4
       2
       5
       6
       6
       5
      12
       8
       5
       6
       5
       1
       3
       1
       1
       0
       1
       0
       1
       0
       0
       0
       0
       0
       1
       3
       1
       1
       2
       0
       2
       0
       4
       1
       2
       2
       0
       3
       2
       2
       2
       1
       1
       1
       0
       2
       0
       0
       1
       0
       0
       1
       2
       1
       0
       0
       0
       0
       1
       1
       0
       0
       0
       1
       0
       1
       1
       0
       1
       0
       0
       2
       0
       0
       0
       0
       1
       0
       0
       0
       1
       2
       1
       0
       0
       0
       1
       0
       0
       0
       0
       1
       0
       1
       1
       1
       1
       0
       3
       1
       3
       1
       2
       1
       2
       0
       0
       0
       0
       1
       0
       0
       0
       2
       0
       3
       0
       0
       0
       1
       0
       0
       0
       0
       2
       0
       1
       1
       1
       1
       3
       5
       0
       1
       0
       1
       1
       1
       0
       1
       0
       3
       3
       2
       0
       0
       1
       0
       1
       2
       1
       1
       2
       0
       0
       1
       1
       0
       0
       2
       1
       2
       1
       1
       1
       1
       5
       0
       1
       0
       0
       2
       2
       3
       2
       4
       4
       0
       4
       5
       0
       2
       1
       2
       2
       3
       1
       0
       2
       3
       0
       1
       3
       0
       0
       1
       1
       2
       0
       2
       0
       1
       1
       1
       1
       0
       1
       0
       0
       1
       1
       3
       3
       1
       0
       0
       1
       2
       1
       1
       0
       0
       2
       0
       1
       2
       1
       0
       1
       0
       1
       1
       1
       2
       2
       2
       3
       4
       0
       2
       0
       1
       0
       3
       0
       1
       3
       1
       0
       0
       0
       1
       2
       0
       4
       4
       0
       1
       4
       1
       2
       2
       1
       1
       3
       1
       1
       1
       0
       2
       1
       3
       4
       2
       2
       1
       2
       0
       1
       2
       2
       1
       3
       2
       0
       1
       1
       0
       3
       3
       0
       2
       3
       5
       2
       2
       0
       1
       1
       2
       2
       1
       2
       0
       1
       4
       1
       0
       4
       1
       3
       6
       4
       2
       1
       2
       4
       4
       4
       5
       4
       7
       5
      16
       4
       8
       9
       6
       8
       8
       5
       9
       9
      10
       8
      10
      10
       6
       3
       7
       4
       7
       5
       7
       3
      10
      13
      10
       4
       6
       9
       6
       7
       6
       2
       7
       4
       2
       4
       4
       0
       3
       1
       2
       0
       2
       2
       0
       2
       1
       3
       0
       2
       2
       2
       4
       2
       4
       3
       2
       3
       2
       5
       2
       1
       0
       2
       3
       0
       3
       0
       8
       4
       2
       3
       3
       5
       3
       4
       4
       2
       2
       7
       2
       2
       2
       0
       2
       3
       2
       3
       2
       0
       6
       0
       1
       1
       1
       1
       2
       0
       1
       0
       4
       2
       0
       2
       2
       0
       1
       2
       3
       1
       1
       0
       0
       1
       4
       1
       1
       1
       0
       3
       1
       3
       3
       1
       1
       4
       2
       1
       2
       1
       0
       1
       2
       1
       1
       4
       3
       0
       3
       1
       2
       1
       2
       3
       1
       0
       1
       1
       0
       1
       1
       1
       1
       2
       2
       4
       2
       0
       0
       3
       0
       1
       1
       4
       1
       0
       1
       3
       2
       0
       0
       0
       1
       1
       2
       1
       2
       1
       0
       4
       2
       5
       4
       2
       0
       0
      12
      13
       5
       0
       3
       1
       4
       0
       3
       0
       0
       2
       3
       1
       1
       0
       0
       0
       0
       0
       0
       0
       0
       0
       0
       0
       0
       0
       0
       0
       0
       0
       0
       0
       0
       0
       0
       0
       0
       0
       0
       0
       0
       0
       0
       0
       0
       0
       0
       0
       0
       0
       0
       0
       0
       0
       0
       0
       0
       0
       0
       0
       0
       0
       0
       0
       0
       0
       0
       0
       0
       0
       0
       0
       0
       0
       0
       0
       0
       0
       0
       0
       0
       0
       0
       0
       0
       0
       0
       0
       0
       0
       0
       0
       0
       0
       0
       0
       0
       0
       0
       0
       0
       0
       0
       0
       0
       0
       0
       0
       0
       0
       0
       0
       0
       0
       0
       0
       0
       0
       0
       0
       0
       0
       0
       0
       0
       0
       0
       0
       0
       0
       0
       0
       0
       0
       0
       0
       0
       0
       0
       0
       0
       0
       0
       0
       0
       0
       0
       0
       0
       0
       0
       0
       0
       0
       0
       0
       0
       0
       0
       0
       0
       0
       0
       0
       0
       0
       0
       0
       0
       0
       0
       0
       0
       0
       0
       0
       0
       0
       0
       0
       0
       0
       0
       0
       0
       0
       0
       0
       0
       0
       0
       0
       0
       0
       0
       0
       0
       0
       0
       0
       0
       0
       0
       0
       0
       0
       0
       0
       0
       0
       0
       0
       0
       0
       0
       0
       0
       0
       0
       0
       0
       0
       0
       0
       0
       0
       0
       0
       0
       0
       0
       0
       0
       0
       0
       0
       0
       0
       0
       0
       0
       0
       0
       0
       0
       0
       0
       0
       0
       0
       0
       0
       0
       0
       0
       0
       0
       0
       0
       0
       0
       0
       0
       0
       0
       0
       0
       0
       0
       0
       0
       0
       0
       0
       0
       0
       0
       0
       0
       0
       0
       0
       0
       0
       0
       0
       0
       0
       0
       0
       0
       0
       0
       0
       0
       0
       0
       0
       0
       0
       0
       0
       0
       0
       0
       0
       0
       0
       0
       0
       0
       0
       0
       0
       0
       0
       0
       0
       0
       0
       0
       0
       0
       0
       0
       0
       0
       0
       0
       0
       0
       0
       0
       0
       0
       0
       0
       0
       0
       0
       0
       0
       0
       0
       0
       0
       0
       0
       0
       0
       0
       0
       0
       0
       0
       0
       0
       0
       0
       0
       0
       0
       0
       0
       0
       0
       0
       0
       0
       0
       0
       0
       0
       0
       0
       0
       0
       0
       0
       0
       0
       0
       0
       0
       0
       0
       0
       0
       0
       0
       0
       0
       0
       0
       0
       0
       0
       0
       0
       0
       0
       0
       0
       0
       0
       0
       0
       0
       0
       0
       0
       0
       0
       0
       0
       0
       0
       0
       0
       0
       0
       0
       0
       0
       0
       0
       0
       0
       0
       0
       0
       0
       0
       0
       0
       0
       0
       0
       0
       0
       0
       0
       0
       0
       0
       0
       0
       0
       0
       0
       0
       0
       0
       0
       0
       0
       0
       0
       0
       0
       0
       0
       0
       0
       0
       0
       0
       0
       0
       0
       0
       0
       0
       0
       0
       0
       0
       0
       0
       0
       0
       0
       0
       0
       0
       0
       0
       0
       0
       0
       0
       0
       0
       0
       0
       0
       0
       0
       0
       0
       0
       0
       0
       0
       0
       0
       0
       0
       0
       0
       0
       0
       0
       0
       0
       0
       0
       0
       0
       0
       0
       0
       0
       0
       0
       0
       0
       0
       0
       0
       0
       0
       0
       0
       0
       0
       0
       0
       0
       0
       0
       0
       0
       0
       0
       0
       0
       0
       0
       0
       0
       0
       0
       0
       0
       0
       0
       0
       0
       0
       0
       0
       0
       0
       0
       0
       0
       0
       0
       0
       0
       0
       0
       0
       0
       0
       0
       0
       0
       0
       0
       0
       0
       0
       0
       0
       0
       0
       0
       0
       0
       0
       0
       0
       0
       0
       0
       0
       0
       0
       0
       0
       0
       0
       0
       0
       0
       0
       0
       0
       0
       0
       0
       0
       0
       0
       0
       0
       0
       0
       0
       0
       0
       0
       0
       0
       0
       0
       0
       0
       0
       0
       0
       0
       0
       0
       0
       0
       0
       0
       0
       0
       0
       0
       0
       0
       0
       0
       0
       0
       0
       0
       0
       0
       0
       0
       0
       0
       0
       0
       0
       0
       0
       0
       0
       0
       0
       0
       0
       0
       0
       0
       0
       0
       0
       0
       0
       0
       0
       0
       0
       0
       0
       0
       0
       0
       0
       0
       0
       0
       0
       0
       0
       0
       0
       0
       0
       0
       0
       0
       0
       0
       0
       0
       0
       0
       0
       0
       0
       0
       0
       0
       0
       0
       0
       0
       0
       0
       0
       0
       0
       0
       0
       0
       0
       0
       0
       0
       0
       0
       0
       0
       0
       0
       0
       0
       0
       0
       0
       0
       0
       0
       0
       0
       0
       0
       0
       0
       0
       0
       0
       0
       0
       0
       0
       0
       0
       0
       0
       0
       0
       0
       0
       0
       0
       0
       0
       0
       0
       0
       0
       0
       0
       0
       0
       0
       0
       0
       0
       0
       0
       0
       0
       0
       0
       0
       0
       0
       0
       0
       0
       0
       0
       0
       0
       0
       0
       0
       0
       0
       0
       0
       0
       0
       0
       0
       0
       0
       0
       0
       0
       0
       0
       0
       0
       0
       0
       0
       0
       0
       0
       0
       0
       0
       0
       0
       0
       0
       0
       0
       0
       0
       0
       0
       0
       0
       0
       0
       0
       0
       0
       0
       0
       0
       0
       0
       0
       0
       0
       0
       0
       0
       0
       0
       0
       0
       0
       0
       0
       0
       0
       0
       0
       0
       0
       0
       0
       0
       0
       0
       0
       0
       0
       0
       0
       0
       0
       0
       0
       0
       0
       0
       0
       0
       0
       0
       0
       0
       0
       0
       0
       0
       0
       0
       0
       0
       0
       0
       0
       0
       0
       0
       0
       0
       0
       0
       0
       0
       0
       0
       0
       0
       0
       0
       0
       0
       0
       0
       0
       0
       0
       0
       0
       0
       0
       0
       0
       0
       0
       0
       0
       0
       0
       0
       0
       0
       0
       0
       0
       0
       0
       0
       0
       0
       0
       0
       0
       0
       0
       0
       0
       0
       0
       0
       0
       0
       0
       0
       0
       0
       0
       0
       0
       0
       0
       0
       0
       0
       0
       0
       0
       0
       0
       0
       0
       0
       0
       0
       0
       0
       0
       0
       0
       0
       0
       0
       0
       0
       0
       0
       0
       0
       0
       0
       0
       0
       0
       0
       0
       0
       0
       0
       0
       0
       0
       0
       0
       0
       0
       0
       0
       0
       0
       0
       0
       0
       0
       0
       0
       0
       0
       0
       0
       0
       0
       0
       0
       0
       0
       0
       0
       0
       0
       0
       0
       0
       0
       0
       0
       0
       0
       0
       0
       0
       0
       0
       0
       0
       0
       0
       0
       0
       0
       0
       0
       0
       0
       0
       0
       0
       0
       0
       0
       0
       0
       0
       0
       0
       0
       0
       0
       0
       0
       0
       0
       0
       0
       0
       0
       0
       0
       0
       0
       0
       0
       0
       0
       0
       0
       0
       0
       0
       0
       0
       0
       0
       0
       0
       0
       0
       0
       0
       0
       0
       0
       0
       0
       0
       0
       0
       0
       0
       0
       0
       0
       0
       0
       0
       0
       0
       0
       0
       0
       0
       0
       0
       0
       0
       0
       0
       0
       0
       0
       0
       0
       0
       0
       0
       0
       0
       0
       0
       0
       0
       0
       0
       0
       0
       0
       0
       0
       0
       0
       0
       0
       0
       0
       0
       0
       0
       0
       0
       0
       0
       0
       0
       0
       0
       0
       0
       0
       0
       0
       0
       0
       0
       0
       0
       0
       0
       0
       0
       0
       0
       0
       0
       0
       0
       0
       0
       0
       0
       0
       0
       0
       0
       0
       0
       0
       0
       0
       0
       0
       0
       0
       0
       0
       0
       0
       0
       0
       0
       0
       0
       0
       0
       0
       0
       0
       0
       0
       0
       0
       0
       0
       0
       0
       0
       0
       0
       0
       0
       0
       0
       0
       0
       0
       0
       0
       0
       0
       0
$ROI:
0
$PRESETS:
None
0
0
$ENER_FIT:
1.227954 0.016003
$MCA_CAL:
3
1.227954E+000 1.600306E-002 2.345052E-005 keV
$SHAPE_CAL:
3
0.000000E+000 0.000000E+000 0.000000E+000
