$SPEC_ID:
Fe-55 sample
$SPEC_REM:
DET# 1
DETDESC# DESKTOP-SOU5NOG Easy-MCA-2k SN 14127175
AP# Maestro Version 7.01
$DATE_MEA:
02/15/2023 15:41:01
$MEAS_TIM:
1095 1104
$DATA:
0 2047
       0
       0
       0
      79
     220
      14
      32
     147
      80
     101
     112
      50
      34
      16
       3
       3
       0
       2
       1
       2
       0
       0
       2
       1
       1
       0
       1
       1
       3
       0
       1
       2
       0
       0
       0
       0
       2
       1
       1
       0
       1
       3
       0
       1
       4
       3
       1
       2
       2
       5
       2
       2
       4
       2
       7
       1
       4
       4
       2
       4
       6
       3
       8
       6
      11
       6
       1
       9
       2
       7
      12
      14
      11
      10
      11
      10
       8
       7
      16
      11
      12
      14
      13
      16
      20
      16
      14
      19
      14
      12
      14
      17
      17
      17
      11
      13
      14
      18
      23
      16
      16
      16
      22
      23
      24
      24
      24
      17
       9
      16
      17
      14
      17
      20
      21
      26
      26
      28
      20
      22
      22
      15
      22
      20
      21
      19
      20
      19
      25
      21
      22
      22
      24
      17
      24
      31
      23
      25
      23
      28
      20
      16
      22
      24
      24
      25
      31
      22
      19
      22
      21
      23
      22
      28
      18
      22
      31
      18
      23
      22
      21
      22
      19
      25
      29
      20
      18
      32
      30
      20
      21
      23
      19
      29
      13
      29
      25
      16
      24
      23
      19
      35
      22
      26
      27
      27
      28
      26
      28
      17
      18
      24
      28
      21
      24
      27
      24
      21
      21
      27
      24
      24
      29
      21
      26
      37
      32
      21
      29
      26
      31
      26
      31
      21
      23
      31
      22
      19
      31
      25
      28
      43
      33
      21
      36
      23
      25
      43
      33
      23
      25
      38
      24
      25
      31
      24
      26
      29
      27
      30
      21
      26
      28
      33
      31
      24
      32
      28
      30
      25
      40
      31
      30
      29
      31
      42
      36
      22
      37
      32
      34
      42
      44
      38
      42
      34
      45
      45
      38
      44
      55
      50
      53
      68
      58
      49
      50
      58
      47
      45
      45
      51
      55
      61
      68
      69
      81
     106
     122
     135
     144
     154
     136
     135
     136
     126
     121
      99
      81
      86
      88
     143
     161
     188
     286
     406
     474
     609
     678
     680
     755
     650
     616
     568
     455
     384
     336
     333
     333
     309
     304
     359
     420
     600
     773
    1080
    1341
    1750
    2099
    2313
    2513
    2560
    2215
    1972
    1672
    1272
     940
     632
     455
     261
     206
     183
     148
     145
     135
     114
     136
     157
     167
     179
     275
     310
     377
     420
     483
     523
     559
     566
     567
     535
     456
     439
     393
     382
     437
     430
     407
     365
     409
     404
     453
     508
     612
     697
     882
    1087
    1297
    1483
    1656
    1820
    1857
    1904
    1728
    1727
    1543
    1351
    1118
    1016
     930
     789
     769
     666
     557
     552
     456
     405
     308
     250
     199
     143
      99
      74
      63
      60
      49
      42
      45
      49
      37
      49
      41
      50
      60
      53
      81
      91
      78
      72
      61
      48
      59
      51
      49
      36
      51
      56
      56
      48
      64
      59
      61
      53
      43
      46
      46
      63
      79
      82
     109
     130
     155
     187
     224
     211
     234
     213
     199
     173
     139
     130
      98
      94
      78
      70
      82
      79
      84
      72
      87
      75
      71
      72
      47
      48
      30
      30
      25
      25
      22
      22
      18
      14
      21
      18
      17
      21
      19
      15
      13
      10
      11
       7
       9
      14
       4
      11
       8
      12
       8
       7
       9
       5
      12
      17
      13
      12
      11
      22
      13
       8
       9
      15
       8
      11
      11
       7
       7
       8
       8
       4
       3
       9
       8
      11
      10
      12
       6
       3
       8
       6
      14
       8
       9
       9
      12
       3
      10
      13
      13
      10
      11
       8
      11
      15
       6
       9
      13
       9
      11
      12
       9
      13
       8
      12
       9
      14
      11
       8
      14
       7
       9
       7
       8
       8
       5
       6
      10
       8
       5
      10
      10
       6
      10
       3
       8
       5
       4
       9
      10
       6
      12
       3
       9
       3
       7
       5
       9
       7
       4
       6
       4
       9
      12
      10
       9
       9
      11
      10
      14
       8
       9
       9
       8
      18
       9
       8
      13
      11
       9
      10
      10
       8
      11
      15
      11
      11
      11
       9
       9
       7
       9
       8
      10
       5
      13
      12
      17
      10
      11
      14
       9
      17
      10
      10
      13
      13
      17
      14
      12
      14
      15
      14
      18
      11
      18
      12
      12
      14
      16
      14
      12
      13
       8
      16
      11
      20
      11
       7
       9
      13
      10
      11
      18
      17
      16
      11
      12
      21
      11
      15
      24
       9
      14
      16
      11
      21
      16
      12
      11
      11
      17
      14
       8
      20
       8
      15
       7
      10
      12
      16
      10
      15
      10
      15
      14
      18
      19
      11
      20
      17
      13
      17
      10
       6
      15
      13
       2
      11
       6
       8
       8
      15
       6
       7
       6
       9
       5
       6
       8
       4
      12
       5
      10
       9
       5
       5
       7
      12
      12
      11
       5
      11
       8
       9
      13
      15
      10
       7
      10
       8
      17
       4
      10
      13
      17
      12
      15
      13
      11
       7
       6
       7
      15
       6
      14
       8
       6
       7
       7
      10
       8
      10
       5
       3
      10
      11
      12
       8
      10
      11
       9
       4
       9
       4
       6
       4
       5
       4
       3
       3
      10
       7
       7
       3
       4
       3
       9
       2
       7
       2
       0
       3
       5
       3
       2
       5
       7
       8
       6
       9
       6
       8
       0
       4
       4
       6
       5
       5
       3
       9
      21
      16
      12
      13
       6
      13
       6
       6
      12
       5
       6
       4
       9
       7
       6
       7
       4
       7
       2
      10
       1
       3
       4
       3
       4
       1
       7
       4
       5
      11
       5
       4
       1
       3
       4
       5
       2
       2
       4
       3
       3
       4
       2
       4
       5
       4
       2
       3
       5
       2
       4
       2
       7
       7
       4
       4
       7
       2
       8
       5
       6
       6
       5
       3
       6
       4
       2
       7
       3
       4
       5
       5
       5
       4
       7
       8
       5
       8
       7
      19
      15
      19
      26
      25
      22
      18
      22
      10
      14
      19
      10
       6
       4
       1
       0
       1
       0
       0
       1
       0
       0
       0
       0
       0
       0
       0
       0
       0
       0
       0
       0
       0
       0
       0
       0
       0
       0
       0
       0
       0
       0
       0
       0
       0
       0
       0
       0
       0
       0
       0
       0
       0
       0
       0
       0
       0
       0
       0
       0
       0
       0
       0
       0
       0
       0
       0
       0
       0
       0
       0
       0
       0
       0
       0
       0
       0
       0
       0
       0
       0
       0
       0
       0
       0
       0
       0
       0
       0
       0
       0
       0
       0
       0
       0
       0
       0
       0
       0
       0
       0
       0
       0
       0
       0
       0
       0
       0
       0
       0
       0
       0
       0
       0
       0
       0
       0
       0
       0
       0
       0
       0
       0
       0
       0
       0
       0
       0
       0
       0
       0
       0
       0
       0
       0
       0
       0
       0
       0
       0
       0
       0
       0
       0
       0
       0
       0
       0
       0
       0
       0
       0
       0
       0
       0
       0
       0
       0
       0
       0
       0
       0
       0
       0
       0
       0
       0
       0
       0
       0
       0
       0
       0
       0
       0
       0
       0
       0
       0
       0
       0
       0
       0
       0
       0
       0
       0
       0
       0
       0
       0
       0
       0
       0
       0
       0
       0
       0
       0
       0
       0
       0
       0
       0
       0
       0
       0
       0
       0
       0
       0
       0
       0
       0
       0
       0
       0
       0
       0
       0
       0
       0
       0
       0
       0
       0
       0
       0
       0
       0
       0
       0
       0
       0
       0
       0
       0
       0
       0
       0
       0
       0
       0
       0
       0
       0
       0
       0
       0
       0
       0
       0
       0
       0
       0
       0
       0
       0
       0
       0
       0
       0
       0
       0
       0
       0
       0
       0
       0
       0
       0
       0
       0
       0
       0
       0
       0
       0
       0
       0
       0
       0
       0
       0
       0
       0
       0
       0
       0
       0
       0
       0
       0
       0
       0
       0
       0
       0
       0
       0
       0
       0
       0
       0
       0
       0
       0
       0
       0
       0
       0
       0
       0
       0
       0
       0
       0
       0
       0
       0
       0
       0
       0
       0
       0
       0
       0
       0
       0
       0
       0
       0
       0
       0
       0
       0
       0
       0
       0
       0
       0
       0
       0
       0
       0
       0
       0
       0
       0
       0
       0
       0
       0
       0
       0
       0
       0
       0
       0
       0
       0
       0
       0
       0
       0
       0
       0
       0
       0
       0
       0
       0
       0
       0
       0
       0
       0
       0
       0
       0
       0
       0
       0
       0
       0
       0
       0
       0
       0
       0
       0
       0
       0
       0
       0
       0
       0
       0
       0
       0
       0
       0
       0
       0
       0
       0
       0
       0
       0
       0
       0
       0
       0
       0
       0
       0
       0
       0
       0
       0
       0
       0
       0
       0
       0
       0
       0
       0
       0
       0
       0
       0
       0
       0
       0
       0
       0
       0
       0
       0
       0
       0
       0
       0
       0
       0
       0
       0
       0
       0
       0
       0
       0
       0
       0
       0
       0
       0
       0
       0
       0
       0
       0
       0
       0
       0
       0
       0
       0
       0
       0
       0
       0
       0
       0
       0
       0
       0
       0
       0
       0
       0
       0
       0
       0
       0
       0
       0
       0
       0
       0
       0
       0
       0
       0
       0
       0
       0
       0
       0
       0
       0
       0
       0
       0
       0
       0
       0
       0
       0
       0
       0
       0
       0
       0
       0
       0
       0
       0
       0
       0
       0
       0
       0
       0
       0
       0
       0
       0
       0
       0
       0
       0
       0
       0
       0
       0
       0
       0
       0
       0
       0
       0
       0
       0
       0
       0
       0
       0
       0
       0
       0
       0
       0
       0
       0
       0
       0
       0
       0
       0
       0
       0
       0
       0
       0
       0
       0
       0
       0
       0
       0
       0
       0
       0
       0
       0
       0
       0
       0
       0
       0
       0
       0
       0
       0
       0
       0
       0
       0
       0
       0
       0
       0
       0
       0
       0
       0
       0
       0
       0
       0
       0
       0
       0
       0
       0
       0
       0
       0
       0
       0
       0
       0
       0
       0
       0
       0
       0
       0
       0
       0
       0
       0
       0
       0
       0
       0
       0
       0
       0
       0
       0
       0
       0
       0
       0
       0
       0
       0
       0
       0
       0
       0
       0
       0
       0
       0
       0
       0
       0
       0
       0
       0
       0
       0
       0
       0
       0
       0
       0
       0
       0
       0
       0
       0
       0
       0
       0
       0
       0
       0
       0
       0
       0
       0
       0
       0
       0
       0
       0
       0
       0
       0
       0
       0
       0
       0
       0
       0
       0
       0
       0
       0
       0
       0
       0
       0
       0
       0
       0
       0
       0
       0
       0
       0
       0
       0
       0
       0
       0
       0
       0
       0
       0
       0
       0
       0
       0
       0
       0
       0
       0
       0
       0
       0
       0
       0
       0
       0
       0
       0
       0
       0
       0
       0
       0
       0
       0
       0
       0
       0
       0
       0
       0
       0
       0
       0
       0
       0
       0
       0
       0
       0
       0
       0
       0
       0
       0
       0
       0
       0
       0
       0
       0
       0
       0
       0
       0
       0
       0
       0
       0
       0
       0
       0
       0
       0
       0
       0
       0
       0
       0
       0
       0
       0
       0
       0
       0
       0
       0
       0
       0
       0
       0
       0
       0
       0
       0
       0
       0
       0
       0
       0
       0
       0
       0
       0
       0
       0
       0
       0
       0
       0
       0
       0
       0
       0
       0
       0
       0
       0
       0
       0
       0
       0
       0
       0
       0
       0
       0
       0
       0
       0
       0
       0
       0
       0
       0
       0
       0
       0
       0
       0
       0
       0
       0
       0
       0
       0
       0
       0
       0
       0
       0
       0
       0
       0
       0
       0
       0
       0
       0
       0
       0
       0
       0
       0
       0
       0
       0
       0
       0
       0
       0
       0
       0
       0
       0
       0
       0
       0
       0
       0
       0
       0
       0
       0
       0
       0
       0
       0
       0
       0
       0
       0
       0
       0
       0
       0
       0
       0
       0
       0
       0
       0
       0
       0
       0
       0
       0
       0
       0
       0
       0
       0
       0
       0
       0
       0
       0
       0
       0
       0
       0
       0
       0
       0
       0
       0
       0
       0
       0
       0
       0
       0
       0
       0
       0
       0
       0
       0
       0
       0
       0
       0
       0
       0
       0
       0
       0
       0
       0
       0
       0
       0
       0
       0
       0
       0
       0
       0
       0
       0
       0
       0
       0
       0
       0
       0
       0
       0
       0
       0
       0
       0
       0
       0
       0
       0
       0
       0
       0
       0
       0
       0
       0
       0
       0
       0
       0
       0
       0
       0
       0
       0
       0
       0
       0
       0
       0
       0
       0
       0
       0
       0
       0
       0
       0
       0
       0
       0
       0
       0
       0
       0
       0
       0
       0
       0
       0
       0
       0
       0
       0
       0
       0
       0
       0
       0
       0
       0
       0
       0
       0
       0
       0
       0
       0
       0
       0
       0
       0
       0
       0
       0
       0
       0
       0
       0
       0
       0
       0
       0
       0
       0
       0
       0
       0
       0
       0
       0
       0
       0
       0
       0
       0
       0
       0
       0
       0
       0
       0
       0
       0
       0
       0
       0
       0
       0
       0
       0
       0
       0
       0
       0
       0
       0
       0
       0
       0
       0
       0
       0
       0
       0
       0
       0
       0
       0
       0
       0
       0
       0
       0
       0
       0
       0
       0
       0
       0
       0
       0
       0
       0
       0
       0
       0
       0
       0
       0
       0
       0
       0
       0
       0
       0
       0
       0
       0
       0
       0
       0
       0
       0
       0
       0
       0
       0
       0
       0
       0
       0
       0
       0
       0
       0
       0
       0
       0
       0
       0
       0
       0
       0
       0
       0
       0
       0
       0
       0
       0
       0
       0
       0
       0
       0
       0
       0
$ROI:
0
$PRESETS:
Live Time
1800
0
$ENER_FIT:
-0.224999 0.029000
$MCA_CAL:
3
-2.249987E-001 2.900000E-002 0.000000E+000 keV
$SHAPE_CAL:
3
0.000000E+000 0.000000E+000 0.000000E+000
