$SPEC_ID:
Fe-55 sample
$SPEC_REM:
DET# 1
DETDESC# DESKTOP-SOU5NOG Easy-MCA-2k SN 14127175
AP# Maestro Version 7.01
$DATE_MEA:
02/22/2023 15:09:05
$MEAS_TIM:
2481 2501
$DATA:
0 2047
       0
       0
       5
     308
     469
      31
     111
     373
     196
     270
     229
     102
      45
      16
       5
       6
       3
       1
       2
       0
       1
       1
       2
       1
       1
       1
       3
       4
       2
       4
       4
       1
       3
       0
       1
       3
       1
       5
       1
       0
       2
       2
       8
       6
       5
       3
       9
       7
       5
       6
       9
       5
      11
      10
      10
       8
      12
      15
      17
      22
      13
      14
      14
      25
      18
      15
      23
      16
      33
      25
      18
      26
      23
      29
      36
      39
      24
      33
      45
      37
      35
      34
      32
      32
      40
      44
      39
      40
      35
      44
      39
      59
      34
      50
      43
      34
      61
      61
      44
      46
      48
      49
      46
      49
      43
      56
      34
      49
      60
      41
      54
      70
      55
      57
      51
      49
      50
      52
      50
      47
      63
      62
      42
      44
      48
      45
      63
      44
      55
      42
      66
      51
      53
      53
      43
      49
      46
      40
      53
      49
      67
      53
      60
      51
      36
      49
      44
      47
      47
      60
      48
      48
      51
      51
      58
      53
      73
      49
      48
      48
      54
      52
      56
      56
      51
      60
      55
      57
      71
      48
      56
      56
      57
      48
      52
      66
      54
      64
      63
      66
      62
      63
      55
      61
      57
      50
      83
      69
      53
      69
      51
      63
      59
      73
      60
      60
      76
      77
      73
      64
      60
      68
      81
      57
      73
      67
      67
      80
      81
      58
      75
      73
      67
      83
      71
      64
      70
      78
      85
      82
      79
      71
      71
      67
      60
      76
      86
      70
      90
      85
     119
     135
     134
     188
     192
     182
     196
     175
     176
     177
     166
     164
     187
     210
     211
     205
     203
     201
     182
     180
     162
     147
     125
     140
     167
     211
     264
     345
     520
     806
    1058
    1566
    1913
    2367
    2788
    2896
    2981
    2754
    2508
    2228
    2144
    2012
    2131
    2343
    2612
    2926
    3153
    3108
    3266
    3077
    2731
    2377
    1822
    1412
    1014
     719
     539
     387
     331
     283
     346
     417
     529
     686
     947
    1236
    1674
    2045
    2327
    2554
    2691
    2813
    2686
    2602
    2292
    2136
    2158
    2267
    2308
    2678
    2913
    3302
    3464
    3619
    3594
    3512
    3290
    2858
    2683
    2284
    1912
    1615
    1420
    1164
    1096
     982
     897
     844
     812
     734
     643
     521
     447
     339
     284
     205
     159
     122
     102
     101
      93
      94
     120
     150
     179
     171
     220
     242
     296
     283
     289
     236
     222
     198
     200
     181
     196
     210
     239
     276
     282
     317
     320
     326
     358
     343
     318
     308
     306
     272
     260
     215
     183
     178
     139
     162
     145
     149
     156
     126
     116
     108
     104
      89
      54
      61
      66
      44
      46
      48
      47
      46
      34
      44
      28
      30
      30
      29
      30
      22
      15
      15
      25
      14
      18
      19
      13
      23
      13
      14
      10
      10
      18
      12
       7
      21
      20
      16
      16
       6
       7
       7
      13
      10
      15
      12
      11
      12
      19
      13
      22
      15
      13
       7
      10
       9
      16
      15
      11
       9
      16
      14
      14
      15
      16
      15
      23
      24
      22
      21
      28
      25
      24
      13
      15
      16
      16
      14
      13
      17
      19
      24
      25
      16
      14
      24
      16
      20
      25
      17
      12
      13
      18
      27
      21
      24
      19
      20
      19
      20
      17
      16
      11
      16
      19
      18
      13
      13
      11
      20
      19
      10
      21
      10
      16
       9
      14
      19
      14
      19
      22
      17
      25
      17
      14
      18
      18
      15
      19
       9
      25
      19
      17
      16
      14
      19
      14
      15
      22
      13
      13
      19
      14
      16
      18
      13
      23
      10
      19
      20
      15
      23
      20
      15
      21
      19
      23
      19
      23
      21
      25
      14
      15
      23
      20
      21
      14
      22
      22
      25
      22
      17
      18
      21
      22
      21
      26
      26
      20
      17
      17
      20
      19
      21
      16
      13
      23
      16
      17
      21
      21
      30
      19
      23
      23
      26
      26
      38
      25
      34
      37
      29
      22
      28
      36
      27
      37
      38
      30
      24
      32
      36
      31
      30
      41
      35
      38
      38
      52
      41
      45
      52
      59
      62
      60
      65
      62
      51
      42
      46
      39
      28
      29
      20
      21
      28
      34
      28
      25
      33
      32
      31
      21
      35
      29
      28
      34
      36
      42
      48
      40
      41
      35
      48
      56
      53
      46
      37
      42
      42
      52
      42
      45
      36
      49
      37
      58
      68
      47
      75
      54
      51
      43
      44
      43
      42
      28
      25
      23
      19
      19
      20
      13
      25
      13
      20
      15
      17
      19
      16
      16
      16
      15
      12
      17
      23
      19
      22
      12
       5
      17
      23
      16
      16
      26
      23
      31
      20
      21
      22
      18
      21
      25
      16
      21
      20
      25
      21
      17
      16
      15
      19
      23
      23
      33
      23
      20
      16
      26
      23
      19
      18
      22
      22
      27
      22
      18
      20
      20
      30
      24
      20
      19
      14
      15
      17
      18
      15
      16
      19
      30
      48
      29
      44
      21
      21
      31
      27
      32
      20
      15
      10
      12
      13
       6
      10
      11
       5
      11
      12
       6
      10
       7
      12
      14
       8
       7
       3
       7
       5
       6
       8
       9
       7
      13
       4
       5
       5
       7
       6
       6
       6
       6
      12
      11
      19
      27
      17
       9
      13
      17
      12
      15
      31
      21
      12
       9
       8
      22
      22
      11
      18
       9
       8
       1
       6
       7
       5
       3
       5
       1
       3
       3
       5
       4
       3
      34
      33
      34
      36
      26
       7
      15
       9
       7
       2
       2
       3
       1
       1
       2
       2
       1
       0
       0
       0
       1
       0
       0
       1
       0
       0
       0
       0
       1
       0
       0
       0
       0
       0
       0
       0
       0
       0
       0
       0
       0
       0
       0
       0
       1
       1
       0
       0
       0
       0
       0
       0
       1
       0
       1
       1
       0
       0
       0
       1
       0
       0
       0
       0
       0
       0
       0
       0
       0
       0
       0
       0
       0
       2
       1
       0
       0
       0
       0
       1
       0
       0
       1
       0
       0
       0
       0
       0
       0
       0
       0
       0
       0
       0
       0
       0
       0
       0
       0
       0
       0
       0
       0
       0
       0
       0
       0
       0
       0
       0
       0
       0
       0
       0
       0
       0
       0
       0
       0
       0
       0
       0
       0
       0
       0
       0
       0
       0
       0
       0
       0
       0
       0
       0
       0
       0
       0
       0
       0
       0
       0
       0
       0
       0
       0
       0
       0
       0
       0
       0
       0
       0
       0
       0
       0
       0
       0
       0
       0
       0
       0
       0
       0
       0
       0
       0
       0
       0
       0
       0
       0
       0
       0
       0
       0
       0
       0
       0
       0
       0
       0
       0
       0
       0
       0
       0
       0
       0
       0
       0
       0
       0
       0
       0
       0
       0
       0
       0
       0
       0
       0
       0
       0
       0
       0
       0
       0
       0
       0
       0
       0
       0
       0
       0
       0
       0
       0
       0
       0
       0
       0
       0
       0
       0
       0
       0
       0
       0
       0
       0
       0
       0
       0
       0
       0
       0
       0
       0
       0
       0
       0
       0
       0
       0
       0
       0
       0
       0
       0
       0
       0
       0
       0
       0
       0
       0
       0
       0
       0
       0
       0
       0
       0
       0
       0
       0
       0
       0
       0
       0
       0
       0
       0
       0
       0
       0
       0
       0
       0
       0
       0
       0
       0
       0
       0
       0
       0
       0
       0
       0
       0
       0
       0
       0
       0
       0
       0
       0
       0
       0
       0
       0
       0
       0
       0
       0
       0
       0
       0
       0
       0
       0
       0
       0
       0
       0
       0
       0
       0
       0
       0
       0
       0
       0
       0
       0
       0
       0
       0
       0
       0
       0
       0
       0
       0
       0
       0
       0
       0
       0
       0
       0
       0
       0
       0
       0
       0
       0
       0
       0
       0
       0
       0
       0
       0
       0
       0
       0
       0
       0
       0
       0
       0
       0
       0
       0
       0
       0
       0
       0
       0
       0
       0
       0
       0
       0
       0
       0
       0
       0
       0
       0
       0
       0
       0
       0
       0
       0
       0
       0
       0
       0
       0
       0
       0
       0
       0
       0
       0
       0
       0
       0
       0
       0
       0
       0
       0
       0
       0
       0
       0
       0
       0
       0
       0
       0
       0
       0
       0
       0
       0
       0
       0
       0
       0
       0
       0
       0
       0
       0
       0
       0
       0
       0
       0
       0
       0
       0
       0
       0
       0
       0
       0
       0
       0
       0
       0
       0
       0
       0
       0
       0
       0
       0
       0
       0
       0
       0
       0
       0
       0
       0
       0
       0
       0
       0
       0
       0
       0
       0
       0
       0
       0
       0
       0
       0
       0
       0
       0
       0
       0
       0
       0
       0
       0
       0
       0
       0
       0
       0
       0
       0
       0
       0
       0
       0
       0
       0
       0
       0
       0
       0
       0
       0
       0
       0
       0
       0
       0
       0
       0
       0
       0
       0
       0
       0
       0
       0
       0
       0
       0
       0
       0
       0
       0
       0
       0
       0
       0
       0
       0
       0
       0
       0
       0
       0
       0
       0
       0
       0
       0
       0
       0
       0
       0
       0
       0
       0
       0
       0
       0
       0
       0
       0
       0
       0
       0
       0
       0
       0
       0
       0
       0
       0
       0
       0
       0
       0
       0
       0
       0
       0
       0
       0
       0
       0
       0
       0
       0
       0
       0
       0
       0
       0
       0
       0
       0
       0
       0
       0
       0
       0
       0
       0
       0
       0
       0
       0
       0
       0
       0
       0
       0
       0
       0
       0
       0
       0
       0
       0
       0
       0
       0
       0
       0
       0
       0
       0
       0
       0
       0
       0
       0
       0
       0
       0
       0
       0
       0
       0
       0
       0
       0
       0
       0
       0
       0
       0
       0
       0
       0
       0
       0
       0
       0
       0
       0
       0
       0
       0
       0
       0
       0
       0
       0
       0
       0
       0
       0
       0
       0
       0
       0
       0
       0
       0
       0
       0
       0
       0
       0
       0
       0
       0
       0
       0
       0
       0
       0
       0
       0
       0
       0
       0
       0
       0
       0
       0
       0
       0
       0
       0
       0
       0
       0
       0
       0
       0
       0
       0
       0
       0
       0
       0
       0
       0
       0
       0
       0
       0
       0
       0
       0
       0
       0
       0
       0
       0
       0
       0
       0
       0
       0
       0
       0
       0
       0
       0
       0
       0
       0
       0
       0
       0
       0
       0
       0
       0
       0
       0
       0
       0
       0
       0
       0
       0
       0
       0
       0
       0
       0
       0
       0
       0
       0
       0
       0
       0
       0
       0
       0
       0
       0
       0
       0
       0
       0
       0
       0
       0
       0
       0
       0
       0
       0
       0
       0
       0
       0
       0
       0
       0
       0
       0
       0
       0
       0
       0
       0
       0
       0
       0
       0
       0
       0
       0
       0
       0
       0
       0
       0
       0
       0
       0
       0
       0
       0
       0
       0
       0
       0
       0
       0
       0
       0
       0
       0
       0
       0
       0
       0
       0
       0
       0
       0
       0
       0
       0
       0
       0
       0
       0
       0
       0
       0
       0
       0
       0
       0
       0
       0
       0
       0
       0
       0
       0
       0
       0
       0
       0
       0
       0
       0
       0
       0
       0
       0
       0
       0
       0
       0
       0
       0
       0
       0
       0
       0
       0
       0
       0
       0
       0
       0
       0
       0
       0
       0
       0
       0
       0
       0
       0
       0
       0
       0
       0
       0
       0
       0
       0
       0
       0
       0
       0
       0
       0
       0
       0
       0
       0
       0
       0
       0
       0
       0
       0
       0
       0
       0
       0
       0
       0
       0
       0
       0
       0
       0
       0
       0
       0
       0
       0
       0
       0
       0
       0
       0
       0
       0
       0
       0
       0
       0
       0
       0
       0
       0
       0
       0
       0
       0
       0
       0
       0
       0
       0
       0
       0
       0
       0
       0
       0
       0
       0
       0
       0
       0
       0
       0
       0
       0
       0
       0
       0
       0
       0
       0
       0
       0
       0
       0
       0
       0
       0
       0
       0
       0
       0
       0
       0
       0
       0
       0
       0
       0
       0
       0
       0
       0
       0
       0
       0
       0
       0
       0
       0
       0
       0
       0
       0
       0
       0
       0
       0
       0
       0
       0
       0
       0
       0
       0
       0
       0
       0
       0
       0
       0
       0
       0
       0
       0
       0
       0
       0
       0
       0
       0
       0
       0
       0
       0
       0
       0
       0
       0
       0
       0
       0
       0
       0
       0
       0
       0
       0
       0
       0
       0
       0
       0
       0
       0
       0
       0
       0
       0
       0
       0
       0
       0
       0
       0
       0
       0
       0
       0
       0
       0
       0
       0
       0
       0
       0
       0
       0
       0
       0
       0
       0
       0
       0
       0
       0
       0
       0
       0
       0
       0
       0
       0
       0
       0
       0
       0
       0
       0
       0
       0
       0
       0
       0
       0
       0
       0
       0
       0
       0
       0
       0
       0
       0
       0
       0
       0
       0
       0
       0
       0
       0
       0
       0
       0
       0
       0
       0
       0
       0
       0
       0
       0
       0
       0
       0
       0
       0
       0
       0
       0
       0
       0
       0
       0
       0
       0
       0
       0
       0
       0
       0
       0
       0
       0
       0
       0
       0
       0
       0
       0
       0
       0
       0
       0
       0
       0
       0
       0
       0
       0
       0
       0
       0
       0
       0
       0
       0
       0
       0
       0
       0
       0
       0
       0
       0
       0
       0
       0
       0
       0
       0
       0
       0
       0
       0
       0
       0
       0
       0
       0
       0
       0
       0
       0
       0
       0
       0
       0
       0
       0
       0
       0
       0
       0
       0
       0
       0
       0
       0
       0
       0
       0
       0
       0
       0
       0
       0
       0
       0
       0
       0
       0
       0
       0
       0
       0
       0
       0
       0
       0
       0
       0
       0
       0
       0
$ROI:
0
$PRESETS:
Live Time
3600
0
$ENER_FIT:
-0.224999 0.029000
$MCA_CAL:
3
-2.249987E-001 2.900000E-002 0.000000E+000 keV
$SHAPE_CAL:
3
0.000000E+000 0.000000E+000 0.000000E+000
