$SPEC_ID:
Fe-55 sample
$SPEC_REM:
DET# 1
DETDESC# DESKTOP-SOU5NOG Easy-MCA-2k SN 14127175
AP# Maestro Version 7.01
$DATE_MEA:
02/06/2023 15:31:11
$MEAS_TIM:
669 683
$DATA:
0 2047
       0
       0
      15
     300
     121
      11
      32
     106
      57
      67
      46
      26
       4
       6
       4
       4
       4
       5
       1
       5
       2
       1
       1
       4
       4
       3
       1
       2
       1
       4
       1
       0
       1
       3
       1
       3
       2
       9
       6
       6
       2
       7
       2
       4
       6
       4
       8
       3
       8
       9
       3
       9
       4
       4
      15
       8
      19
      12
      10
      13
      12
      21
      13
      11
      17
      22
      17
      26
      28
      26
      26
      19
      14
      31
      24
      32
      32
      16
      40
      24
      26
      25
      29
      34
      28
      36
      33
      36
      37
      30
      29
      29
      31
      30
      40
      33
      34
      33
      31
      32
      39
      41
      36
      31
      35
      30
      35
      25
      39
      37
      41
      30
      33
      28
      37
      29
      20
      37
      28
      43
      42
      30
      40
      37
      46
      35
      25
      40
      47
      38
      37
      39
      36
      30
      29
      45
      44
      59
      32
      45
      44
      37
      38
      48
      48
      45
      49
      55
      34
      44
      34
      36
      43
      46
      48
      40
      41
      36
      45
      39
      52
      41
      33
      42
      41
      41
      41
      30
      43
      45
      41
      40
      30
      51
      45
      47
      38
      41
      40
      45
      41
      48
      43
      42
      33
      52
      48
      40
      43
      40
      42
      49
      47
      32
      50
      51
      52
      57
      53
      51
      43
      44
      43
      42
      30
      38
      40
      33
      41
      43
      42
      55
      54
      47
      25
      44
      46
      49
      46
      59
      63
      65
      65
      51
      56
      57
      43
      44
      57
      44
      45
      54
      57
      51
      70
      59
      82
      81
      62
      78
      58
      74
      78
      58
      59
      60
      57
      56
      64
      58
      52
      73
      67
      73
      78
      63
      70
      91
      69
      76
      71
      69
      59
      75
      63
      91
      88
      79
      77
      85
      76
     105
     100
     113
     105
     134
     127
     126
     129
     149
     147
     147
     148
     199
     239
     311
     416
     667
    1141
    1874
    2922
    4344
    6025
    7538
    8691
    9137
    9074
    8056
    6973
    5693
    4774
    3737
    3057
    2503
    2022
    1548
    1160
     851
     625
     472
     363
     290
     264
     246
     210
     230
     193
     190
     231
     301
     320
     453
     612
     723
     954
    1104
    1238
    1275
    1280
    1074
     941
     825
     644
     533
     455
     359
     316
     268
     225
     179
     148
     106
      95
      78
      64
      60
      62
      50
      51
      48
      52
      61
      43
      44
      40
      45
      47
      32
      35
      44
      31
      33
      39
      38
      33
      23
      26
      34
      35
      26
      36
      29
      30
      31
      25
      36
      23
      17
      21
      23
      36
      30
      28
      26
      25
      31
      22
      26
      30
      21
      36
      26
      28
      19
      37
      29
      25
      27
      24
      19
      28
      23
      27
      31
      24
      23
      32
      34
      29
      27
      19
      27
      19
      23
      37
      20
      30
      34
      20
      26
      21
      30
      20
      24
      31
      25
      23
      21
      23
      23
      30
      30
      28
      31
      25
      24
      32
      23
      26
      24
      21
      24
      38
      22
      24
      20
      26
      14
      13
      22
      24
      24
      18
      27
      31
      32
      25
      27
      25
      24
      21
      28
      30
      30
      23
      27
      29
      18
      32
      25
      28
      25
      25
      22
      25
      22
      21
      15
      19
      17
      20
      16
      22
      13
      19
      18
      14
      11
      24
      26
      20
      21
      15
      12
      14
      23
      27
      30
      23
      26
      19
      18
      17
      25
      17
      22
      25
      25
      17
      25
      21
      17
      19
      32
      22
      14
      18
      28
      24
      24
      24
      20
      30
      21
      27
      29
      21
      24
      26
      33
      31
      33
      28
      28
      30
      32
      26
      20
      27
      32
      33
      34
      37
      35
      30
      38
      39
      32
      42
      49
      60
      40
      43
      52
      59
      60
      75
      66
      53
      60
      58
      67
      60
      39
      52
      42
      39
      25
      27
      32
      22
      27
      34
      37
      29
      28
      29
      26
      28
      30
      26
      15
      14
      24
      16
      21
      14
      13
      13
      13
      19
       8
      13
      13
      10
      11
      11
      12
      12
      18
       7
      12
      10
       7
       7
      12
      12
       6
      12
       7
       5
       9
      11
      10
      12
       4
       3
       9
      12
       7
      11
       3
      14
       7
       4
       6
       8
       8
       9
       8
       7
       8
       3
       7
       6
      10
       4
       6
       5
       3
       7
       5
       5
       3
       5
       4
       4
       7
       7
       6
       3
       4
       8
       4
       6
       2
       5
       7
       6
       1
       6
       5
       6
       3
       1
       4
       3
       4
       3
       7
      42
      46
      19
      15
      14
       7
       4
       6
       1
       1
       2
       7
       5
       5
       6
       1
       1
       1
       6
       3
       1
       3
       1
       0
       6
       2
       1
       1
       2
       1
       2
       2
       9
       3
       5
       1
       1
       1
       2
       0
       0
       3
       0
       1
       2
       0
       0
       2
       0
       0
       0
       1
       0
       0
       2
       0
       0
       0
       0
       0
       0
       0
       0
       0
       2
       0
       1
       0
       0
       0
       0
       0
       0
       0
       0
       0
       0
       0
       0
       0
       0
       0
       0
       0
       0
       0
       1
       0
       0
       0
       0
       0
       0
       0
       0
       0
       0
       0
       0
       0
       0
       0
       0
       0
       0
       0
       0
       0
       0
       0
       0
       0
       0
       0
       0
       0
       0
       0
       0
       0
       0
       0
       0
       0
       0
       0
       0
       0
       0
       0
       0
       0
       0
       0
       0
       0
       0
       0
       0
       0
       1
       0
       0
       0
       0
       0
       0
       0
       0
       0
       0
       0
       0
       0
       0
       0
       0
       0
       0
       0
       0
       0
       0
       0
       0
       0
       0
       0
       0
       0
       0
       0
       0
       0
       0
       0
       0
       0
       0
       0
       0
       0
       0
       0
       0
       0
       0
       0
       0
       0
       0
       0
       0
       0
       0
       0
       0
       0
       0
       0
       0
       0
       0
       0
       0
       0
       0
       0
       0
       0
       0
       0
       0
       0
       0
       0
       0
       0
       0
       0
       0
       0
       0
       0
       0
       1
       0
       0
       0
       0
       0
       0
       0
       0
       0
       0
       0
       0
       0
       0
       0
       0
       0
       0
       0
       0
       0
       0
       0
       0
       0
       0
       0
       0
       0
       0
       0
       0
       0
       0
       0
       0
       0
       0
       0
       0
       0
       0
       0
       0
       0
       0
       0
       0
       0
       0
       0
       0
       0
       0
       0
       0
       0
       0
       0
       0
       0
       0
       0
       0
       0
       0
       0
       0
       0
       0
       0
       0
       0
       0
       0
       0
       0
       0
       0
       0
       0
       0
       0
       0
       0
       0
       0
       0
       0
       0
       0
       0
       0
       0
       0
       0
       0
       0
       0
       0
       0
       0
       0
       0
       0
       0
       0
       0
       0
       0
       0
       0
       0
       0
       0
       0
       0
       0
       0
       0
       0
       0
       0
       0
       0
       0
       0
       0
       0
       0
       0
       0
       0
       0
       0
       0
       0
       0
       0
       0
       0
       0
       0
       0
       0
       1
       0
       0
       0
       0
       0
       0
       0
       0
       0
       0
       0
       0
       0
       0
       0
       0
       0
       0
       0
       0
       0
       0
       0
       0
       0
       0
       0
       0
       0
       0
       0
       0
       0
       0
       0
       0
       0
       0
       0
       0
       0
       0
       0
       0
       0
       0
       0
       0
       0
       0
       0
       0
       0
       0
       0
       0
       0
       0
       0
       0
       0
       0
       0
       0
       0
       0
       0
       0
       0
       0
       0
       0
       0
       0
       0
       0
       0
       0
       0
       0
       0
       0
       0
       0
       0
       0
       0
       0
       0
       0
       0
       0
       0
       0
       0
       0
       0
       0
       0
       0
       0
       0
       0
       0
       0
       0
       0
       0
       0
       0
       0
       0
       0
       0
       0
       0
       0
       0
       0
       0
       0
       0
       0
       0
       0
       0
       0
       0
       0
       0
       0
       0
       0
       0
       0
       0
       0
       0
       0
       0
       0
       0
       0
       0
       0
       0
       0
       0
       0
       0
       0
       0
       0
       0
       0
       0
       0
       0
       0
       0
       0
       0
       0
       0
       0
       0
       0
       0
       0
       0
       0
       0
       0
       0
       0
       0
       0
       0
       0
       0
       0
       0
       0
       0
       0
       0
       0
       0
       0
       0
       0
       0
       0
       0
       0
       0
       0
       0
       0
       0
       0
       0
       0
       0
       0
       0
       0
       0
       0
       0
       0
       0
       0
       0
       0
       0
       0
       0
       0
       0
       0
       0
       0
       0
       0
       0
       0
       0
       0
       0
       0
       0
       0
       0
       0
       0
       0
       0
       0
       0
       0
       0
       0
       0
       0
       0
       0
       0
       0
       0
       0
       0
       0
       0
       0
       0
       0
       0
       0
       0
       0
       0
       0
       0
       0
       0
       0
       0
       0
       0
       0
       0
       0
       0
       0
       0
       0
       0
       0
       0
       0
       0
       0
       0
       0
       0
       0
       0
       0
       0
       0
       0
       0
       0
       0
       0
       0
       0
       0
       0
       0
       0
       0
       0
       0
       0
       0
       0
       0
       0
       0
       0
       0
       0
       0
       0
       0
       0
       0
       0
       0
       0
       0
       0
       0
       0
       0
       0
       0
       0
       0
       0
       0
       0
       0
       0
       0
       0
       0
       0
       0
       0
       0
       0
       0
       0
       0
       0
       0
       0
       0
       0
       0
       0
       0
       0
       0
       0
       0
       0
       0
       0
       0
       0
       0
       0
       0
       0
       0
       0
       0
       0
       0
       0
       0
       0
       0
       0
       0
       0
       0
       0
       0
       0
       0
       0
       0
       0
       0
       0
       0
       0
       0
       0
       0
       0
       0
       0
       0
       0
       0
       0
       0
       0
       0
       0
       0
       0
       0
       0
       0
       0
       0
       0
       0
       0
       0
       0
       0
       0
       0
       0
       0
       0
       0
       0
       0
       0
       0
       0
       0
       0
       0
       0
       0
       0
       0
       0
       0
       0
       0
       0
       0
       0
       0
       0
       0
       0
       0
       0
       0
       0
       0
       0
       0
       0
       0
       0
       0
       0
       0
       0
       0
       0
       0
       0
       0
       0
       0
       0
       0
       0
       0
       0
       0
       0
       0
       0
       0
       0
       0
       0
       0
       0
       0
       0
       0
       0
       0
       0
       0
       0
       0
       0
       0
       0
       0
       0
       0
       0
       0
       0
       0
       0
       0
       0
       0
       0
       0
       0
       0
       0
       0
       0
       0
       0
       0
       0
       0
       0
       0
       0
       0
       0
       0
       0
       0
       0
       0
       0
       0
       0
       0
       0
       0
       0
       0
       0
       0
       0
       0
       0
       0
       0
       0
       0
       0
       0
       0
       0
       0
       0
       0
       0
       0
       0
       0
       0
       0
       0
       0
       0
       0
       0
       0
       0
       0
       0
       0
       0
       0
       0
       0
       0
       0
       0
       0
       0
       0
       0
       0
       0
       0
       0
       0
       0
       0
       0
       0
       0
       0
       0
       0
       0
       0
       0
       0
       0
       0
       0
       0
       0
       0
       0
       0
       0
       0
       0
       0
       0
       0
       0
       0
       0
       0
       0
       0
       0
       0
       0
       0
       0
       0
       0
       0
       0
       0
       0
       0
       0
       0
       0
       0
       0
       0
       0
       0
       0
       0
       0
       0
       0
       0
       0
       0
       0
       0
       0
       0
       0
       0
       0
       0
       0
       0
       0
       0
       0
       0
       0
       0
       0
       0
       0
       0
       0
       0
       0
       0
       0
       0
       0
       0
       0
       0
       0
       0
       0
       0
       0
       0
       0
       0
       0
       0
       0
       0
       0
       0
       0
       0
       0
       0
       0
       0
       0
       0
       0
       0
       0
       0
       0
       0
       0
       0
       0
       0
       0
       0
       0
       0
       0
       0
       0
       0
       0
       0
       0
       0
       0
       0
       0
       0
       0
       0
       0
       0
       0
       0
       0
       0
       0
       0
       0
       0
       0
       0
       0
       0
       0
       0
       0
       0
       0
       0
       0
       0
       0
       0
       0
       0
       0
       0
       0
       0
       0
       0
       0
       0
       0
       0
       0
       0
       0
       0
       0
       0
       0
       0
       0
       0
       0
       0
       0
       0
       0
       0
       0
       0
       0
       0
       0
       0
       0
       0
       0
       0
       0
       0
       0
       0
       0
       0
       0
       0
       0
       0
       0
       0
       0
       0
       0
       0
       0
       0
       0
       0
       0
       0
       0
       0
       0
       0
       0
       0
       0
       0
       0
       0
       0
       0
       0
       0
       0
       0
       0
       0
       0
       0
       0
       0
       0
       0
       0
       0
       0
       0
       0
       0
       0
       0
       0
       0
       0
       0
       0
       0
       0
       0
       0
       0
       0
       0
       0
       0
       0
       0
       0
       0
       0
       0
       0
       0
       0
       0
       0
       0
       0
       0
       0
       0
       0
       0
       0
       0
       0
       0
       0
       0
       0
       0
       0
       0
       0
       0
       0
       0
       0
       0
       0
       0
       0
       0
       0
       0
       0
       0
       0
       0
       0
       0
       0
       0
       0
       0
       0
       0
       0
       0
       0
       0
       0
       0
       0
       0
       0
       0
       0
       0
       0
       0
       0
       0
       0
       0
       0
       0
       0
       0
       0
       0
       0
       0
       0
       0
       0
       0
       0
       0
       0
       0
       0
       0
       0
       0
       0
       0
       0
       0
       0
       0
       0
       0
       0
       0
       0
       0
       0
       0
       0
       0
       0
       0
       0
       0
       0
       0
       0
       0
       0
       0
       0
       0
       0
       0
       0
       0
       0
       0
       0
       0
       0
       0
       0
       0
       0
       0
       0
       0
       0
       0
       0
       0
       0
       0
       0
       0
       0
       0
       0
       0
       0
       0
       0
       0
       0
$ROI:
0
$PRESETS:
Live Time
1200
0
$ENER_FIT:
-0.224999 0.029000
$MCA_CAL:
3
-2.249987E-001 2.900000E-002 0.000000E+000 keV
$SHAPE_CAL:
3
0.000000E+000 0.000000E+000 0.000000E+000
