$SPEC_ID:
Fe-55 sample
$SPEC_REM:
DET# 1
DETDESC# DESKTOP-SOU5NOG Easy-MCA-2k SN 14127175
AP# Maestro Version 7.01
$DATE_MEA:
01/30/2023 15:36:15
$MEAS_TIM:
300 305
$DATA:
0 2047
       0
       0
       0
     107
      71
       2
      20
      49
      25
      38
      26
       8
       7
       2
       1
       2
       0
       0
       2
       0
       3
       1
       0
       0
       1
       1
       1
       2
       1
       0
       0
       0
       1
       4
       3
       1
       1
       3
       2
       2
       1
       1
       3
       3
       2
       1
       0
       2
       0
       1
       4
       3
       2
       2
       1
       5
       6
       2
       5
       7
       6
       6
      10
       8
       5
       3
       7
       1
       8
       7
      10
       9
      10
      12
      12
       8
      12
      10
      11
      10
      11
      19
      10
      17
      15
       4
       9
       8
      12
      13
      10
       9
      11
      14
      17
      17
      12
      10
      15
      22
      17
      15
      14
      22
      11
      15
      11
      12
      15
      14
      23
      13
      10
      14
      11
      14
      22
       9
      15
      17
      17
      16
      11
      13
      22
      28
      12
      17
       9
      13
      14
      12
      18
      15
      12
      16
      14
      19
      15
      16
      25
      21
      16
      17
      17
      17
      12
      19
       9
      14
      12
      20
      13
      18
      16
      16
      14
      13
      17
      13
      16
      15
      16
      15
      16
      10
      15
      18
      22
      16
      16
      17
      17
       9
      20
      16
      10
      18
      17
      21
      11
      18
      11
      19
       9
      12
      20
      17
      24
      20
      16
      20
      20
       9
      16
      16
      13
      13
      11
      23
      16
      22
       9
      27
      17
      17
      16
      19
      23
      22
      15
      13
      17
      18
      24
      18
      17
      15
      22
      15
      18
      15
      14
      21
      24
      17
      20
      25
      19
      27
      13
      20
      23
      30
      23
      23
      18
      21
      27
      10
      12
      15
      21
      22
      29
      29
      26
      21
      22
      21
      30
      23
      28
      29
      23
      25
      29
      30
      21
      23
      17
      26
      26
      35
      29
      30
      28
      29
      32
      25
      31
      23
      23
      37
      28
      20
      34
      29
      30
      28
      30
      35
      34
      42
      50
      43
      68
      56
      67
      50
      62
      60
      60
      70
      80
      72
      89
     108
     125
     144
     215
     352
     559
     880
    1478
    2089
    2950
    3600
    4371
    4554
    4458
    3909
    3255
    2469
    1797
    1192
     743
     420
     238
     146
     106
      69
      53
      60
      45
      55
      46
      51
      48
      49
      44
      40
      57
      66
      75
     109
     144
     215
     292
     347
     502
     574
     598
     640
     579
     523
     448
     301
     213
     116
      76
      54
      32
      33
      19
      18
      13
      11
      19
      10
       8
      14
       9
      13
      12
      13
       9
       7
      12
       6
      11
       8
       9
      12
      12
      13
       6
       6
      11
      10
      10
      11
       8
       7
      11
       7
       7
       7
       8
       5
       8
       8
       6
      14
       6
       8
       9
       6
      14
       9
      11
      11
      15
      11
       9
      11
       8
       5
      10
       9
       6
       5
       6
       4
       8
       8
       6
      13
       7
      12
       6
      10
       9
       9
      10
       9
      12
      12
      13
      14
       8
      11
       9
       9
       7
      10
      10
       7
      11
       6
      10
      10
       4
       9
      12
      10
      11
      11
       7
       9
      11
      12
      15
      10
      12
       8
      16
      18
      15
      15
      10
      11
      12
      14
      10
      15
      13
      11
       9
       9
      12
       8
       7
       9
      15
       6
      11
       4
       5
      12
      19
       8
       9
       7
      15
      11
      10
       6
      11
      14
      11
       5
       6
       8
       9
       6
       5
       5
       4
      11
       4
       3
       7
       8
       6
       7
       8
       9
       5
      11
       9
       5
      10
       9
       8
       5
       7
       3
       5
       5
      10
       7
      11
       9
       6
       9
       6
       9
      12
       8
       3
       8
       6
       9
       8
       8
       9
       2
       8
       6
       5
       9
       4
      12
       1
       3
       8
      14
       4
       7
       9
       7
       5
       6
       9
       5
      13
       6
      10
       9
       7
      13
      12
      12
       7
       6
       9
       7
       5
       6
       9
       8
      11
       9
       9
      14
      11
      16
      12
      12
      15
      11
       9
      12
       7
      13
      16
      13
      23
      11
      15
      14
      26
      12
      15
      17
      17
      28
      20
      22
      18
      16
      21
      19
      19
      17
      23
      24
      19
      11
      19
      21
      11
      13
       9
       5
      13
      10
      11
       5
       5
       5
      10
       9
       4
      12
      17
      12
       7
       4
      10
       3
       4
       1
       1
       5
       5
       4
       5
       4
       3
       7
       3
       7
       3
       3
       1
       3
       4
       4
       7
       5
       1
       3
       4
       2
       4
       5
       7
       4
       2
       7
       4
       3
       5
       4
       1
       5
       5
       2
       4
       3
       4
       4
       4
       3
       4
       5
       1
       1
       4
       5
       2
       4
       3
       1
       1
       1
       2
       1
       6
       2
       5
       2
       4
       2
       2
       2
       3
       2
       0
       0
       2
       1
       4
       2
       2
       2
       2
       0
       3
       6
       1
       0
       1
       3
       0
       0
       2
       3
       3
       4
       1
       0
       3
       3
       2
       1
       1
       3
       3
       2
       2
       1
       1
       4
       2
       2
       1
       2
       2
       4
       3
      17
      23
      35
       2
       0
       5
       5
       8
       3
       3
       4
       1
       2
       1
       0
       0
       1
       3
       0
       1
       0
       0
       0
       0
       0
       0
       0
       0
       0
       0
       0
       0
       0
       0
       0
       0
       0
       0
       0
       0
       0
       0
       0
       0
       0
       0
       0
       0
       0
       0
       0
       0
       0
       0
       0
       0
       0
       0
       0
       0
       0
       0
       0
       0
       0
       0
       0
       0
       0
       0
       0
       0
       0
       0
       0
       0
       0
       0
       0
       0
       0
       0
       0
       0
       0
       0
       0
       0
       0
       0
       0
       0
       0
       0
       0
       0
       0
       0
       0
       0
       0
       0
       0
       0
       0
       0
       0
       0
       0
       0
       0
       0
       0
       0
       0
       0
       0
       0
       0
       0
       0
       0
       0
       0
       0
       0
       0
       0
       0
       0
       0
       0
       0
       0
       0
       0
       0
       0
       0
       0
       0
       0
       0
       0
       0
       0
       0
       0
       0
       0
       0
       0
       0
       0
       0
       0
       0
       0
       0
       0
       0
       0
       0
       0
       0
       0
       0
       0
       0
       0
       0
       0
       0
       0
       0
       0
       0
       0
       0
       0
       0
       0
       0
       0
       0
       0
       0
       0
       0
       0
       0
       0
       0
       0
       0
       0
       0
       0
       0
       0
       0
       0
       0
       0
       0
       0
       0
       0
       0
       0
       0
       0
       0
       0
       0
       0
       0
       0
       0
       0
       0
       0
       0
       0
       0
       0
       0
       0
       0
       0
       0
       0
       0
       0
       0
       0
       0
       0
       0
       0
       0
       0
       0
       0
       0
       0
       0
       0
       0
       0
       0
       0
       0
       0
       0
       0
       0
       0
       0
       0
       0
       0
       0
       0
       0
       0
       0
       0
       0
       0
       0
       0
       0
       0
       0
       0
       0
       0
       0
       0
       0
       0
       0
       0
       0
       0
       0
       0
       0
       0
       0
       0
       0
       0
       0
       0
       0
       0
       0
       0
       0
       0
       0
       0
       0
       0
       0
       0
       0
       0
       0
       0
       0
       0
       0
       0
       0
       0
       0
       0
       0
       0
       0
       0
       0
       0
       0
       0
       0
       0
       0
       0
       0
       0
       0
       0
       0
       0
       0
       0
       0
       0
       0
       0
       0
       0
       0
       0
       0
       0
       0
       0
       0
       0
       0
       0
       0
       0
       0
       0
       0
       0
       0
       0
       0
       0
       0
       0
       0
       0
       0
       0
       0
       0
       0
       0
       0
       0
       0
       0
       0
       0
       0
       0
       0
       0
       0
       0
       0
       0
       0
       0
       0
       0
       0
       0
       0
       0
       0
       0
       0
       0
       0
       0
       0
       0
       0
       0
       0
       0
       0
       0
       0
       0
       0
       0
       0
       0
       0
       0
       0
       0
       0
       0
       0
       0
       0
       0
       0
       0
       0
       0
       0
       0
       0
       0
       0
       0
       0
       0
       0
       0
       0
       0
       0
       0
       0
       0
       0
       0
       0
       0
       0
       0
       0
       0
       0
       0
       0
       0
       0
       0
       0
       0
       0
       0
       0
       0
       0
       0
       0
       0
       0
       0
       0
       0
       0
       0
       0
       0
       0
       0
       0
       0
       0
       0
       0
       0
       0
       0
       0
       0
       0
       0
       0
       0
       0
       0
       0
       0
       0
       0
       0
       0
       0
       0
       0
       0
       0
       0
       0
       0
       0
       0
       0
       0
       0
       0
       0
       0
       0
       0
       0
       0
       0
       0
       0
       0
       0
       0
       0
       0
       0
       0
       0
       0
       0
       0
       0
       0
       0
       0
       0
       0
       0
       0
       0
       0
       0
       0
       0
       0
       0
       0
       0
       0
       0
       0
       0
       0
       0
       0
       0
       0
       0
       0
       0
       0
       0
       0
       0
       0
       0
       0
       0
       0
       0
       0
       0
       0
       0
       0
       0
       0
       0
       0
       0
       0
       0
       0
       0
       0
       0
       0
       0
       0
       0
       0
       0
       0
       0
       0
       0
       0
       0
       0
       0
       0
       0
       0
       0
       0
       0
       0
       0
       0
       0
       0
       0
       0
       0
       0
       0
       0
       0
       0
       0
       0
       0
       0
       0
       0
       0
       0
       0
       0
       0
       0
       0
       0
       0
       0
       0
       0
       0
       0
       0
       0
       0
       0
       0
       0
       0
       0
       0
       0
       0
       0
       0
       0
       0
       0
       0
       0
       0
       0
       0
       0
       0
       0
       0
       0
       0
       0
       0
       0
       0
       0
       0
       0
       0
       0
       0
       0
       0
       0
       0
       0
       0
       0
       0
       0
       0
       0
       0
       0
       0
       0
       0
       0
       0
       0
       0
       0
       0
       0
       0
       0
       0
       0
       0
       0
       0
       0
       0
       0
       0
       0
       0
       0
       0
       0
       0
       0
       0
       0
       0
       0
       0
       0
       0
       0
       0
       0
       0
       0
       0
       0
       0
       0
       0
       0
       0
       0
       0
       0
       0
       0
       0
       0
       0
       0
       0
       0
       0
       0
       0
       0
       0
       0
       0
       0
       0
       0
       0
       0
       0
       0
       0
       0
       0
       0
       0
       0
       0
       0
       0
       0
       0
       0
       0
       0
       0
       0
       0
       0
       0
       0
       0
       0
       0
       0
       0
       0
       0
       0
       0
       0
       0
       0
       0
       0
       0
       0
       0
       0
       0
       0
       0
       0
       0
       0
       0
       0
       0
       0
       0
       0
       0
       0
       0
       0
       0
       0
       0
       0
       0
       0
       0
       0
       0
       0
       0
       0
       0
       0
       0
       0
       0
       0
       0
       0
       0
       0
       0
       0
       0
       0
       0
       0
       0
       0
       0
       0
       0
       0
       0
       0
       0
       0
       0
       0
       0
       0
       0
       0
       0
       0
       0
       0
       0
       0
       0
       0
       0
       0
       0
       0
       0
       0
       0
       0
       0
       0
       0
       0
       0
       0
       0
       0
       0
       0
       0
       0
       0
       0
       0
       0
       0
       0
       0
       0
       0
       0
       0
       0
       0
       0
       0
       0
       0
       0
       0
       0
       0
       0
       0
       0
       0
       0
       0
       0
       0
       0
       0
       0
       0
       0
       0
       0
       0
       0
       0
       0
       0
       0
       0
       0
       0
       0
       0
       0
       0
       0
       0
       0
       0
       0
       0
       0
       0
       0
       0
       0
       0
       0
       0
       0
       0
       0
       0
       0
       0
       0
       0
       0
       0
       0
       0
       0
       0
       0
       0
       0
       0
       0
       0
       0
       0
       0
       0
       0
       0
       0
       0
       0
       0
       0
       0
       0
       0
       0
       0
       0
       0
       0
       0
       0
       0
       0
       0
       0
       0
       0
       0
       0
       0
       0
       0
       0
       0
       0
       0
       0
       0
       0
       0
       0
       0
       0
       0
       0
       0
       0
       0
       0
       0
       0
       0
       0
       0
       0
       0
       0
       0
       0
       0
       0
       0
       0
       0
       0
       0
       0
       0
       0
       0
       0
       0
       0
       0
       0
       0
       0
       0
       0
       0
       0
       0
       0
       0
       0
       0
       0
       0
       0
       0
       0
       0
       0
       0
       0
       0
       0
       0
       0
       0
       0
       0
       0
       0
       0
       0
       0
       0
       0
       0
       0
       0
       0
       0
       0
       0
       0
       0
       0
       0
       0
       0
       0
       0
       0
       0
       0
       0
       0
       0
       0
       0
       0
       0
       0
       0
       0
       0
       0
       0
       0
       0
       0
       0
       0
       0
       0
       0
       0
       0
       0
       0
       0
       0
       0
       0
       0
       0
       0
       0
       0
       0
       0
       0
       0
       0
       0
       0
       0
       0
       0
       0
       0
       0
       0
       0
       0
       0
       0
       0
       0
       0
       0
       0
       0
       0
       0
       0
       0
       0
       0
       0
       0
       0
       0
       0
       0
       0
       0
       0
       0
       0
       0
       0
       0
       0
       0
       0
       0
       0
       0
       0
       0
       0
       0
       0
       0
       0
       0
       0
       0
       0
       0
       0
       0
       0
       0
       0
       0
       0
       0
       0
       0
       0
       0
       0
       0
       0
       0
       0
       0
       0
       0
       0
       0
       0
       0
       0
       0
       0
       0
       0
       0
       0
       0
       0
       0
       0
       0
       0
       0
       0
       0
       0
       0
       0
       0
       0
       0
       0
       0
       0
       0
       0
       0
       0
       0
       0
       0
       0
       0
       0
       0
       0
       0
       0
       0
       0
       0
       0
       0
       0
       0
       0
       0
       0
       0
       0
       0
       0
       0
       0
       0
       0
       0
       0
       0
       0
       0
       0
       0
       0
       0
       0
       0
       0
       0
       0
       0
       0
       0
       0
       0
       0
       0
       0
       0
       0
$ROI:
0
$PRESETS:
None
0
0
$ENER_FIT:
-0.224999 0.029000
$MCA_CAL:
3
-2.249987E-001 2.900000E-002 0.000000E+000 keV
$SHAPE_CAL:
3
0.000000E+000 0.000000E+000 0.000000E+000
