$SPEC_ID:
Fe-55 sample
$SPEC_REM:
DET# 1
DETDESC# DESKTOP-SOU5NOG Easy-MCA-2k SN 14127175
AP# Maestro Version 7.01
$DATE_MEA:
02/01/2023 13:48:55
$MEAS_TIM:
655 664
$DATA:
0 2047
       0
       0
       0
      94
     115
      15
      48
     119
      52
      67
      64
      20
       9
       8
       5
       2
       4
       3
       2
       4
       3
       4
       2
       3
       2
       5
       1
       4
       2
       8
       5
       5
       4
       7
       7
      10
       8
       9
       8
       6
      12
       4
       8
       4
       4
       5
       7
      10
       5
       5
       6
       9
       9
       9
       6
       6
       4
      11
       8
       7
      10
       5
       9
      14
       6
       6
      12
       9
      17
      13
      16
       5
       9
       8
       8
       7
      18
      13
       4
      14
      13
      22
       8
      19
      14
      15
       7
      16
       9
      16
       7
      12
      16
      10
      17
      13
      25
      11
      11
      22
      20
      14
      13
       9
      12
      18
      19
      16
      10
      18
      17
      16
      19
      19
      19
      13
      16
      10
      14
      16
      19
       7
      17
      17
      14
      16
      20
      22
      15
      19
      22
      17
      16
      13
      18
      18
      19
      21
      15
      22
      14
      20
      15
      13
      11
      15
      19
      22
      14
      22
      19
       8
      16
      15
      11
      19
      24
      16
      21
      21
      14
      14
      24
      24
      16
      19
      23
      17
      20
      21
      32
      19
      19
      16
      20
      21
      19
      11
      15
      12
      25
      25
      12
      19
      19
      18
      17
      24
      16
      20
      16
      20
      16
      19
      18
      12
      17
      17
      11
      16
      15
      13
      15
      16
       9
      27
      21
      14
      16
      20
      16
      19
      23
      18
      20
      17
      16
      22
      25
      18
      15
      24
      14
      22
      24
      26
      22
      27
      18
      22
      23
      20
      18
      16
      26
      12
      16
      17
      22
      18
      19
      14
      16
      15
      18
      21
      20
      10
      18
      18
      16
      16
      22
      13
      15
      22
      25
      19
      27
      16
      20
      21
      24
      33
      24
      30
      27
      35
      30
      31
      20
      21
      16
      22
      28
      15
      18
      13
      20
      20
      13
      17
      18
      26
      23
      18
      16
      16
      24
      17
      21
      23
      17
      21
      27
      18
      14
      21
      22
      21
      15
      22
      11
      22
      15
      22
      22
      17
      15
      16
      13
      19
      17
      23
      14
      15
      23
      11
      23
      13
      20
      12
      22
      16
      23
      17
      23
      16
      12
      21
      10
      15
      17
      14
      16
      19
      10
      15
      21
      15
      21
      18
      20
      13
      23
      26
      17
      18
      23
      18
      23
      19
      18
      21
      19
      24
      22
      17
      15
      18
      16
      22
      16
      22
      17
      25
      22
      16
      17
      22
      21
      35
      22
      28
      17
      29
      29
      35
      17
      26
      22
      23
      15
      20
      18
      18
      20
      15
      27
      34
      18
      18
      23
      22
      14
      26
      20
      15
      19
      19
      19
      18
      15
      16
      18
      19
      23
      25
      25
      25
      23
      26
      20
      15
      17
      18
      20
      29
      19
      27
      20
      17
      30
      22
      20
      36
      21
      20
      21
      23
      23
      20
      25
      21
      22
      27
      22
      21
      28
      23
      34
      35
      27
      20
      25
      29
      34
      27
      32
      31
      34
      30
      31
      33
      39
      27
      28
      30
      34
      37
      41
      22
      29
      34
      24
      29
      30
      40
      39
      26
      27
      29
      34
      27
      29
      42
      22
      31
      31
      31
      44
      33
      30
      36
      26
      32
      36
      28
      34
      40
      35
      26
      39
      54
      41
      49
      38
      38
      50
      36
      53
      42
      47
      46
      48
      45
      41
      50
      57
      51
      48
      49
      48
      46
      57
      72
      58
      45
      51
      68
      63
      73
      67
      73
      69
      75
     103
      90
      89
      95
     101
     112
     125
     120
     126
     125
     123
     164
     152
     185
     221
     251
     304
     340
     441
     574
     804
    1043
    1558
    2011
    2725
    3510
    4415
    4992
    5407
    5386
    4876
    4341
    3439
    2611
    1725
    1145
     683
     389
     252
     137
     109
      79
      67
      73
      72
      75
      54
      58
      51
      51
      51
      65
      51
      63
      58
      54
      57
      73
      55
      55
      55
      74
      43
      51
      53
      65
      59
      54
      64
      86
      86
     117
     122
     160
     207
     343
     463
     658
     847
     996
     933
     892
     775
     566
     418
     280
     258
     192
     152
     115
     100
      60
      42
      24
      26
      29
      18
      21
      15
      24
      22
      23
      24
      18
      16
      26
      14
      19
      21
      18
      16
      17
      17
      17
      18
      16
      15
      14
      19
      19
      16
      16
      21
      20
      21
      20
      15
      17
      20
      16
       4
      21
      10
      11
      22
      25
      15
      18
      24
      20
      19
      17
      23
      13
      17
      15
      21
      12
       8
      16
      23
      23
      17
      13
      19
      21
      22
      20
      21
      17
      19
      20
      25
      15
      16
      15
      29
      16
      14
      24
      25
      18
      18
      12
      23
      24
      19
      25
      29
      33
      27
      16
      21
      23
      21
      23
      27
      22
      23
      26
      21
      24
      21
      19
      22
      25
      27
      27
      27
      31
     658
     484
      99
     193
      30
      61
      35
      15
      17
      14
       5
       0
       0
       0
       0
       0
       0
       0
       0
       0
       0
       0
       0
       0
       0
       0
       0
       0
       0
       0
       0
       0
       0
       0
       0
       0
       0
       0
       0
       0
       0
       0
       0
       0
       0
       0
       0
       0
       0
       0
       0
       0
       0
       0
       0
       0
       0
       0
       0
       0
       0
       0
       0
       0
       0
       0
       0
       0
       0
       0
       0
       0
       0
       0
       0
       0
       0
       0
       0
       0
       0
       0
       0
       0
       0
       0
       0
       0
       0
       0
       0
       0
       0
       0
       0
       0
       0
       0
       0
       0
       0
       0
       0
       0
       0
       0
       0
       0
       0
       0
       0
       0
       0
       0
       0
       0
       0
       0
       0
       0
       0
       0
       0
       0
       0
       0
       0
       0
       0
       0
       0
       0
       0
       0
       0
       0
       0
       0
       0
       0
       0
       0
       0
       0
       0
       0
       0
       0
       0
       0
       0
       0
       0
       0
       0
       0
       0
       0
       0
       0
       0
       0
       0
       0
       0
       0
       0
       0
       0
       0
       0
       0
       0
       0
       0
       0
       0
       0
       0
       0
       0
       0
       0
       0
       0
       0
       0
       0
       0
       0
       0
       0
       0
       0
       0
       0
       0
       0
       0
       0
       0
       0
       0
       0
       0
       0
       0
       0
       0
       0
       0
       0
       0
       0
       0
       0
       0
       0
       0
       0
       0
       0
       0
       0
       0
       0
       0
       0
       0
       0
       0
       0
       0
       0
       0
       0
       0
       0
       0
       0
       0
       0
       0
       0
       0
       0
       0
       0
       0
       0
       0
       0
       0
       0
       0
       0
       0
       0
       0
       0
       0
       0
       0
       0
       0
       0
       0
       0
       0
       0
       0
       0
       0
       0
       0
       0
       0
       0
       0
       0
       0
       0
       0
       0
       0
       0
       0
       0
       0
       0
       0
       0
       0
       0
       0
       0
       0
       0
       0
       0
       0
       0
       0
       0
       0
       0
       0
       0
       0
       0
       0
       0
       0
       0
       0
       0
       0
       0
       0
       0
       0
       0
       0
       0
       0
       0
       0
       0
       0
       0
       0
       0
       0
       0
       0
       0
       0
       0
       0
       0
       0
       0
       0
       0
       0
       0
       0
       0
       0
       0
       0
       0
       0
       0
       0
       0
       0
       0
       0
       0
       0
       0
       0
       0
       0
       0
       0
       0
       0
       0
       0
       0
       0
       0
       0
       0
       0
       0
       0
       0
       0
       0
       0
       0
       0
       0
       0
       0
       0
       0
       0
       0
       0
       0
       0
       0
       0
       0
       0
       0
       0
       0
       0
       0
       0
       0
       0
       0
       0
       0
       0
       0
       0
       0
       0
       0
       0
       0
       0
       0
       0
       0
       0
       0
       0
       0
       0
       0
       0
       0
       0
       0
       0
       0
       0
       0
       0
       0
       0
       0
       0
       0
       0
       0
       0
       0
       0
       0
       0
       0
       0
       0
       0
       0
       0
       0
       0
       0
       0
       0
       0
       0
       0
       0
       0
       0
       0
       0
       0
       0
       0
       0
       0
       0
       0
       0
       0
       0
       0
       0
       0
       0
       0
       0
       0
       0
       0
       0
       0
       0
       0
       0
       0
       0
       0
       0
       0
       0
       0
       0
       0
       0
       0
       0
       0
       0
       0
       0
       0
       0
       0
       0
       0
       0
       0
       0
       0
       0
       0
       0
       0
       0
       0
       0
       0
       0
       0
       0
       0
       0
       0
       0
       0
       0
       0
       0
       0
       0
       0
       0
       0
       0
       0
       0
       0
       0
       0
       0
       0
       0
       0
       0
       0
       0
       0
       0
       0
       0
       0
       0
       0
       0
       0
       0
       0
       0
       0
       0
       0
       0
       0
       0
       0
       0
       0
       0
       0
       0
       0
       0
       0
       0
       0
       0
       0
       0
       0
       0
       0
       0
       0
       0
       0
       0
       0
       0
       0
       0
       0
       0
       0
       0
       0
       0
       0
       0
       0
       0
       0
       0
       0
       0
       0
       0
       0
       0
       0
       0
       0
       0
       0
       0
       0
       0
       0
       0
       0
       0
       0
       0
       0
       0
       0
       0
       0
       0
       0
       0
       0
       0
       0
       0
       0
       0
       0
       0
       0
       0
       0
       0
       0
       0
       0
       0
       0
       0
       0
       0
       0
       0
       0
       0
       0
       0
       0
       0
       0
       0
       0
       0
       0
       0
       0
       0
       0
       0
       0
       0
       0
       0
       0
       0
       0
       0
       0
       0
       0
       0
       0
       0
       0
       0
       0
       0
       0
       0
       0
       0
       0
       0
       0
       0
       0
       0
       0
       0
       0
       0
       0
       0
       0
       0
       0
       0
       0
       0
       0
       0
       0
       0
       0
       0
       0
       0
       0
       0
       0
       0
       0
       0
       0
       0
       0
       0
       0
       0
       0
       0
       0
       0
       0
       0
       0
       0
       0
       0
       0
       0
       0
       0
       0
       0
       0
       0
       0
       0
       0
       0
       0
       0
       0
       0
       0
       0
       0
       0
       0
       0
       0
       0
       0
       0
       0
       0
       0
       0
       0
       0
       0
       0
       0
       0
       0
       0
       0
       0
       0
       0
       0
       0
       0
       0
       0
       0
       0
       0
       0
       0
       0
       0
       0
       0
       0
       0
       0
       0
       0
       0
       0
       0
       0
       0
       0
       0
       0
       0
       0
       0
       0
       0
       0
       0
       0
       0
       0
       0
       0
       0
       0
       0
       0
       0
       0
       0
       0
       0
       0
       0
       0
       0
       0
       0
       0
       0
       0
       0
       0
       0
       0
       0
       0
       0
       0
       0
       0
       0
       0
       0
       0
       0
       0
       0
       0
       0
       0
       0
       0
       0
       0
       0
       0
       0
       0
       0
       0
       0
       0
       0
       0
       0
       0
       0
       0
       0
       0
       0
       0
       0
       0
       0
       0
       0
       0
       0
       0
       0
       0
       0
       0
       0
       0
       0
       0
       0
       0
       0
       0
       0
       0
       0
       0
       0
       0
       0
       0
       0
       0
       0
       0
       0
       0
       0
       0
       0
       0
       0
       0
       0
       0
       0
       0
       0
       0
       0
       0
       0
       0
       0
       0
       0
       0
       0
       0
       0
       0
       0
       0
       0
       0
       0
       0
       0
       0
       0
       0
       0
       0
       0
       0
       0
       0
       0
       0
       0
       0
       0
       0
       0
       0
       0
       0
       0
       0
       0
       0
       0
       0
       0
       0
       0
       0
       0
       0
       0
       0
       0
       0
       0
       0
       0
       0
       0
       0
       0
       0
       0
       0
       0
       0
       0
       0
       0
       0
       0
       0
       0
       0
       0
       0
       0
       0
       0
       0
       0
       0
       0
       0
       0
       0
       0
       0
       0
       0
       0
       0
       0
       0
       0
       0
       0
       0
       0
       0
       0
       0
       0
       0
       0
       0
       0
       0
       0
       0
       0
       0
       0
       0
       0
       0
       0
       0
       0
       0
       0
       0
       0
       0
       0
       0
       0
       0
       0
       0
       0
       0
       0
       0
       0
       0
       0
       0
       0
       0
       0
       0
       0
       0
       0
       0
       0
       0
       0
       0
       0
       0
       0
       0
       0
       0
       0
       0
       0
       0
       0
       0
       0
       0
       0
       0
       0
       0
       0
       0
       0
       0
       0
       0
       0
       0
       0
       0
       0
       0
       0
       0
       0
       0
       0
       0
       0
       0
       0
       0
       0
       0
       0
       0
       0
       0
       0
       0
       0
       0
       0
       0
       0
       0
       0
       0
       0
       0
       0
       0
       0
       0
       0
       0
       0
       0
       0
       0
       0
       0
       0
       0
       0
       0
       0
       0
       0
       0
       0
       0
       0
       0
       0
       0
       0
       0
       0
       0
       0
       0
       0
       0
       0
       0
       0
       0
       0
       0
       0
       0
       0
       0
       0
       0
       0
       0
       0
       0
       0
       0
       0
       0
       0
       0
       0
       0
       0
       0
       0
       0
       0
       0
       0
       0
       0
       0
       0
       0
       0
       0
       0
       0
       0
       0
       0
       0
       0
       0
       0
       0
       0
       0
       0
       0
       0
       0
       0
       0
       0
       0
       0
       0
       0
       0
       0
       0
       0
       0
       0
       0
       0
       0
       0
       0
       0
       0
       0
       0
       0
       0
       0
       0
       0
       0
       0
       0
       0
       0
       0
       0
       0
       0
       0
       0
       0
       0
       0
       0
       0
       0
       0
       0
       0
       0
       0
       0
       0
       0
       0
       0
       0
       0
       0
       0
       0
       0
       0
       0
       0
       0
       0
       0
       0
       0
       0
       0
       0
       0
       0
       0
       0
       0
       0
       0
       0
       0
       0
       0
       0
       0
       0
       0
       0
       0
       0
       0
       0
       0
       0
$ROI:
0
$PRESETS:
None
0
0
$ENER_FIT:
-0.224999 0.029000
$MCA_CAL:
3
-2.249987E-001 2.900000E-002 0.000000E+000 keV
$SHAPE_CAL:
3
0.000000E+000 0.000000E+000 0.000000E+000
