$SPEC_ID:
none
$SPEC_REM:
DET# 1
DETDESC# Donnie Sheehan III - Easy-MCA-2k SN 14163589
AP# Maestro Version 7.01
$DATE_MEA:
04/19/2023 13:51:49
$MEAS_TIM:
600 601
$DATA:
0 1023
       0
       0
      41
     371
     323
     330
     362
     357
     414
     388
     365
     391
     398
     419
     454
     483
     466
     479
     468
     422
     481
     469
     527
     538
     535
     487
     516
     539
     551
     519
     576
     583
     663
     739
     850
     993
    1017
    1070
    1150
    1145
    1095
    1025
    1009
     876
     783
     819
     750
     766
     700
     684
     673
     691
     721
     735
     692
     777
     648
     741
     717
     683
     705
     756
     765
     681
     754
     709
     752
     717
     749
     719
     736
     748
     708
     795
     754
     766
     825
     782
     820
     789
     839
     827
     891
     886
     868
    1024
     976
     982
     966
     948
     990
    1019
     976
     999
    1035
    1041
     996
    1021
     975
     984
     911
     969
     971
     892
     942
     960
     896
     924
     947
     909
     940
     887
     857
     880
     869
     862
     791
     874
     865
     853
     852
     849
     822
     874
     799
     912
     864
     856
     817
     837
     845
     844
     799
     863
     853
     835
     824
     801
     795
     821
     862
     792
     845
     814
     784
     798
     810
     894
     820
     835
     888
     781
     875
     842
     835
     856
     787
     812
     837
     830
     816
     871
     847
     834
     827
     847
     854
     897
     844
     872
     867
     925
     897
     869
     928
     926
     893
     901
     885
     882
     885
     832
     865
     820
     839
     792
     762
     696
     719
     695
     657
     639
     625
     579
     594
     565
     507
     502
     516
     506
     489
     484
     514
     449
     403
     460
     388
     475
     441
     432
     451
     407
     405
     415
     423
     406
     395
     397
     410
     358
     404
     390
     420
     383
     406
     455
     413
     415
     387
     421
     386
     410
     435
     438
     487
     477
     486
     510
     583
     625
     707
     811
     860
    1014
    1239
    1374
    1484
    1801
    2074
    2173
    2462
    2646
    2838
    3116
    3251
    3495
    3553
    3517
    3640
    3641
    3513
    3467
    3401
    3293
    3170
    3073
    2902
    2693
    2513
    2452
    2359
    2261
    2167
    1893
    1729
    1675
    1568
    1449
    1366
    1243
    1189
    1109
     937
     923
     879
     874
     741
     710
     611
     592
     575
     523
     459
     435
     377
     305
     263
     262
     246
     220
     177
     169
     142
     117
      86
      97
      87
      71
      56
      39
      34
      32
      34
      35
      28
      29
      25
      17
      11
      23
      18
      22
      33
      20
      18
      19
      15
      18
      18
      20
      14
      13
      13
      19
      16
      15
      26
      12
      18
      19
      15
      18
      11
      22
      18
      16
      17
      16
      18
      18
      13
      25
      19
      18
      16
      21
      17
      14
      22
      16
      19
      13
      23
      20
      10
      20
      13
      11
      24
      10
      14
      14
      12
      12
      19
      23
      19
      16
      20
      21
      15
      16
      21
      19
       9
      20
      25
      14
      15
      16
      26
      15
      13
      24
      12
      16
      16
      17
      17
      17
      16
      14
      15
      18
      13
      13
      18
      22
      11
      12
      17
      14
      17
      15
      15
      18
       8
      14
       9
      18
      15
      11
      14
      15
      12
      15
      16
      16
      14
      17
      10
      16
      15
      12
       9
       8
      13
      10
      12
       8
      12
       6
      18
      11
      14
       5
      14
      18
       5
       5
      19
      15
      15
      12
       7
      12
      16
       9
      10
       8
       9
       8
      11
      10
      10
       7
       8
       7
       8
       7
      12
      13
      13
       9
      11
       7
       7
      12
      11
      12
      13
      15
      11
      10
      12
      14
      13
      11
      19
      15
      10
      11
      12
       6
      18
      14
      10
      17
      16
      11
      10
      14
      18
      13
      14
      12
      12
      12
      17
       7
       9
      10
       7
      15
      13
      11
       8
      15
      13
      17
      14
      12
       9
       9
      14
       6
      14
       9
      15
       4
      11
       9
      10
       4
      11
       7
       8
       9
      14
      15
       6
       7
       4
       5
      11
       9
       7
       3
      14
       6
      10
       8
       6
       8
       6
       8
       8
      10
       5
       9
       6
       5
       8
       7
       5
       4
       6
       8
       7
       6
       3
       7
       3
       5
       3
       6
       5
       0
       2
       4
       4
       7
       1
       4
       3
       7
       4
       4
       1
       4
       3
       2
       5
       1
       3
       5
       4
       1
       5
       4
       4
       3
       4
       4
       4
       3
       2
       5
       1
       4
       2
       4
       3
       1
       2
       4
       6
       4
       4
       4
       6
       2
       2
       2
       2
       7
       7
       6
       2
       2
       2
       2
       4
       4
       1
       1
       1
       5
       3
       3
       4
       3
       3
       2
       3
       3
       0
       0
       3
       3
       3
       2
       1
       3
       6
       2
       3
       3
       2
       0
       0
       1
       3
       2
       4
       4
       0
       2
       2
       2
       3
       3
       3
       2
       2
       2
       3
       1
       2
       1
       2
       0
       3
       3
       2
       2
       1
       3
       2
       4
       2
       6
       0
       2
       1
       2
       3
       4
       2
       3
       5
       3
       1
       2
       0
       2
       6
       2
       4
       4
       2
       2
       2
       1
       0
       4
       1
       5
       3
       3
       5
       1
       3
       4
       3
       3
       3
       1
       1
       0
       2
       3
       1
       2
       0
       2
       1
       0
       3
       1
       2
       2
       0
       1
       2
       0
       1
       3
       0
       4
       4
       1
       3
       1
       1
       3
       0
       2
       0
       1
       5
       1
       0
       0
       1
       1
       1
       2
       1
       0
       2
       0
       2
       2
       7
       2
       3
       0
       3
       2
       0
       0
       1
       3
       4
       0
       1
       1
       4
       0
       4
       0
       2
       3
       0
       2
       3
       2
       2
       1
       2
       1
       2
       2
       4
       1
       4
       2
       1
       3
       1
       1
       2
       2
       4
       0
       1
       1
       0
       3
       1
       3
       1
       0
       1
       3
       1
       1
       1
       1
       0
       2
       1
       0
       3
       2
       1
       0
       2
       1
       1
       0
       3
       1
       1
       0
       0
       1
       1
       0
       2
       1
       1
       0
       1
       0
       2
       1
       0
       1
       1
       1
       1
       0
       1
       0
       0
       2
       1
       1
       0
       1
       0
       2
       1
       0
       1
       1
       0
       0
       0
       0
       0
       1
       0
       0
       1
       0
       0
       0
       0
       1
       3
       0
       1
       1
       0
       0
       0
       0
       0
       0
       0
       1
       0
       1
       0
       0
       0
       0
       0
       0
       0
       0
       0
       0
       0
       0
       0
       1
       0
       0
       0
       0
       0
       0
       0
       0
       0
       0
       1
       1
       0
       0
       0
       0
       0
       0
       2
       0
       0
       0
       0
       1
       0
       0
       1
       0
       0
       0
       0
       0
       0
       0
       2
       0
       0
       1
       1
       1
       1
       0
       0
       0
       0
       0
       0
       0
       0
       1
       1
       0
       0
       0
       0
       0
       0
       0
       0
       0
       0
       0
       0
       0
       0
       1
       0
       1
       0
       0
       0
       0
       0
       0
       0
       0
       0
       0
       0
       0
       0
       0
       0
       0
       0
       0
       0
       0
       0
       0
       0
       0
       0
       0
       0
       0
       0
       0
       0
       0
       0
       0
       0
       0
$ROI:
0
$PRESETS:
Live Time
600
0
$ENER_FIT:
47.423248 1.595783
$MCA_CAL:
3
4.742325E+001 1.595783E+000 1.708513E-003 keV
$SHAPE_CAL:
3
0.000000E+000 0.000000E+000 0.000000E+000
