$SPEC_ID:
none
$SPEC_REM:
DET# 1
DETDESC# Donnie Sheehan III - Easy-MCA-2k SN 14163589
AP# Maestro Version 7.01
$DATE_MEA:
04/19/2023 14:04:54
$MEAS_TIM:
600 604
$DATA:
0 1023
       0
       1
     103
     990
     861
     813
     884
     969
     994
    1045
    1064
    1072
     958
    1161
    1154
    1235
    1300
    1211
    1158
    1213
    1249
    1388
    1370
    1399
    1398
    1427
    1399
    1401
    1418
    1439
    1466
    1545
    1564
    1793
    2007
    2373
    2834
    3024
    3141
    3051
    2913
    2769
    2598
    2442
    2297
    2108
    1934
    1736
    1718
    1787
    1662
    1661
    1732
    1736
    1781
    1704
    1837
    1820
    1834
    1839
    1886
    1888
    1893
    1908
    1920
    1854
    1904
    1988
    1951
    1956
    2084
    2035
    2033
    2087
    2008
    2105
    2170
    2122
    2182
    2195
    2313
    2313
    2508
    2498
    2659
    2737
    2764
    2845
    2896
    2916
    3074
    2997
    3012
    2984
    2943
    3028
    2979
    2985
    3028
    2981
    2969
    2860
    2892
    2812
    2879
    2781
    2692
    2655
    2716
    2660
    2664
    2707
    2622
    2560
    2661
    2460
    2570
    2560
    2492
    2448
    2509
    2439
    2422
    2417
    2479
    2432
    2390
    2416
    2406
    2370
    2285
    2432
    2335
    2364
    2424
    2375
    2354
    2367
    2345
    2325
    2369
    2278
    2283
    2311
    2424
    2262
    2275
    2322
    2307
    2342
    2181
    2275
    2259
    2330
    2285
    2355
    2368
    2339
    2373
    2276
    2391
    2469
    2318
    2377
    2471
    2399
    2406
    2428
    2492
    2417
    2479
    2479
    2455
    2477
    2531
    2497
    2505
    2493
    2536
    2497
    2520
    2416
    2501
    2336
    2396
    2356
    2281
    2195
    2219
    2119
    1974
    1917
    1841
    1737
    1592
    1669
    1610
    1534
    1519
    1409
    1419
    1364
    1352
    1372
    1296
    1212
    1221
    1204
    1171
    1127
    1140
    1120
    1138
     999
    1137
    1008
    1037
     981
    1000
     969
     985
    1020
     985
     985
     947
     997
     956
     941
     953
     946
     986
     918
     935
     970
     960
     953
    1009
     960
    1037
    1134
    1170
    1241
    1396
    1523
    1856
    2114
    2441
    2841
    3260
    3825
    4409
    4980
    5608
    6289
    7200
    7772
    8352
    8900
    9513
    9818
   10065
   10603
   10664
   10674
   10635
   10556
   10038
   10014
    9388
    9067
    8471
    8366
    7742
    7473
    6949
    6649
    6160
    5720
    5324
    5013
    4758
    4425
    4242
    3860
    3610
    3479
    3143
    2846
    2613
    2451
    2330
    2200
    2080
    1815
    1744
    1589
    1511
    1324
    1217
    1091
    1001
     864
     826
     720
     578
     528
     463
     373
     318
     293
     249
     206
     182
     110
     117
     104
      79
      62
      56
      63
      43
      46
      39
      24
      32
      34
      35
      21
      19
      33
      27
      32
      20
      28
      22
      13
      30
      17
      20
      19
      15
      20
      20
      21
      27
      21
      23
      24
      23
      19
      19
      23
      30
      30
      24
      26
      26
      31
      21
      22
      16
      16
      19
      14
      24
      25
      26
      26
      21
      21
      21
      23
      23
      15
      20
      23
      12
      17
      19
      17
      17
      18
      21
      21
      15
      20
      24
      24
      16
      17
      28
      28
      21
      18
      25
      23
      13
      28
      23
      17
      19
      23
      15
      16
      16
      22
      21
      16
      24
      17
      16
      18
      16
      12
      13
      14
      18
      16
      14
      21
      13
      16
      18
      12
      12
      10
      19
      12
      24
      19
      12
      21
      20
      18
      20
      14
      18
      10
      11
      18
      18
      15
      13
      12
      14
      15
      18
      10
      19
      19
      12
      14
       8
       7
      15
      14
      12
      14
       8
      16
      17
      15
       6
      22
       6
      15
      11
      12
       7
      11
      15
       7
       6
      15
       7
      12
      13
      10
      19
       7
       9
      14
      13
       7
      13
      12
      11
       9
      13
       9
      12
      11
      15
       7
      16
      14
      20
      12
      13
      12
      14
      14
      18
      17
      17
      15
      19
      14
       8
       7
      18
      15
      12
      13
      19
       9
      15
      17
      13
      14
      15
      18
      16
       9
      19
      16
      13
       9
      13
       4
      19
      18
       8
      11
      13
      12
       9
      11
      12
      10
      13
      15
      13
       4
      14
       7
       5
      11
       6
       6
      10
      11
       7
      14
       4
       6
       8
       9
       5
       2
       6
       7
       9
       5
       5
       7
       8
       6
       5
       5
       9
       4
       8
       8
       8
       6
       7
       8
       3
       2
       3
       4
       5
       6
       9
       5
       3
       4
       9
       1
       5
       2
       4
       7
       1
       0
       6
       0
       3
       6
       5
       4
       6
       3
       4
       3
       6
       5
       2
       2
       1
       4
       5
       1
       8
       8
       4
       1
       0
       6
       7
       2
       3
       5
       3
       5
       2
       5
       1
       4
       2
       8
       3
       0
       2
       3
       1
       5
       2
       4
       5
       0
       1
       3
       2
       4
       1
       4
       0
       2
       4
       3
       2
       2
       2
       4
       2
       2
       2
       2
       4
       4
       1
       7
       3
       4
       1
       0
       1
       3
       2
       1
       3
       2
       4
       5
       2
       8
       3
       2
       2
       2
       5
       3
       4
       1
       2
       1
       2
       2
       4
       1
       3
       1
       0
       2
       3
       2
       1
       0
       2
       4
       1
       2
       2
       2
       2
       0
       2
       3
       2
       5
       3
       1
       0
       6
       4
       5
       1
       1
       5
       2
       1
       3
       2
       1
       6
       3
       4
       3
       3
       3
       1
       4
       1
       1
       5
       3
       1
       0
       2
       1
       3
       0
       1
       4
       1
       1
       3
       4
       1
       2
       2
       1
       2
       1
       1
       2
       1
       2
       0
       1
       2
       2
       0
       4
       2
       0
       1
       2
       0
       0
       4
       3
       0
       0
       2
       1
       5
       1
       1
       3
       1
       0
       1
       1
       0
       2
       1
       0
       4
       3
       0
       3
       2
       1
       0
       2
       2
       4
       1
       2
       2
       2
       3
       3
       1
       1
       5
       2
       1
       4
       1
       3
       0
       1
       1
       1
       1
       2
       2
       2
       3
       2
       5
       1
       3
       1
       0
       1
       1
       2
       1
       1
       4
       0
       3
       0
       0
       3
       0
       1
       2
       1
       3
       1
       2
       0
       5
       2
       2
       0
       1
       1
       2
       0
       0
       0
       0
       1
       0
       0
       1
       1
       0
       1
       1
       2
       1
       0
       0
       1
       0
       0
       1
       0
       0
       0
       0
       2
       2
       0
       1
       0
       0
       2
       0
       0
       1
       0
       1
       0
       0
       2
       0
       0
       1
       0
       0
       3
       0
       0
       0
       0
       1
       0
       1
       0
       0
       0
       0
       0
       0
       0
       0
       1
       0
       2
       0
       2
       0
       0
       0
       0
       0
       0
       1
       0
       1
       0
       0
       0
       0
       1
       1
       0
       0
       0
       0
       0
       0
       0
       0
       1
       1
       0
       1
       1
       0
       0
       0
       0
       0
       0
       0
       0
       0
       0
       0
       0
       1
       0
       1
       0
       0
       0
       1
       0
       0
       2
       0
       0
       0
       0
       1
       0
       0
       1
       0
       1
       0
       0
       1
       1
       0
       0
       2
       0
       0
       0
       0
       0
       0
       0
       0
       0
       0
       0
       0
       0
       0
       0
       0
       0
       0
       0
       0
       0
       0
       0
       0
       0
       0
       0
       0
       0
       0
       0
       0
       0
       0
       0
       0
       0
$ROI:
0
$PRESETS:
Live Time
600
0
$ENER_FIT:
47.423248 1.595783
$MCA_CAL:
3
4.742325E+001 1.595783E+000 1.708513E-003 keV
$SHAPE_CAL:
3
0.000000E+000 0.000000E+000 0.000000E+000
