$SPEC_ID:
none
$SPEC_REM:
DET# 1
DETDESC# Donnie Sheehan III - Easy-MCA-2k SN 14163589
AP# Maestro Version 7.01
$DATE_MEA:
04/10/2023 13:51:39
$MEAS_TIM:
900 907
$DATA:
0 1023
       0
      11
     177
    1817
    1370
    1326
    1400
    1485
    1507
    1575
    1581
    1613
    1613
    1781
    1831
    1832
    1969
    1924
    1872
    1876
    1894
    2087
    2176
    2169
    2234
    2176
    2127
    2178
    2171
    2183
    2309
    2451
    2527
    3000
    3342
    3887
    4395
    4619
    4736
    4778
    4524
    4169
    3943
    3745
    3386
    3208
    2931
    2722
    2821
    2682
    2683
    2587
    2681
    2596
    2697
    2742
    2857
    2757
    2838
    2912
    2890
    2938
    2973
    3012
    2960
    3050
    3008
    3077
    3134
    3090
    3131
    3148
    3254
    3321
    3273
    3238
    3326
    3420
    3499
    3532
    3548
    3703
    3840
    4101
    4156
    4307
    4305
    4532
    4509
    4602
    4737
    4720
    4676
    4676
    4610
    4724
    4669
    4668
    4695
    4544
    4520
    4467
    4341
    4389
    4432
    4316
    4376
    4204
    4147
    4140
    4026
    3976
    3966
    3988
    3918
    3853
    3941
    3941
    3841
    3905
    3796
    3889
    3753
    3773
    3728
    3797
    3813
    3819
    3721
    3725
    3745
    3771
    3687
    3656
    3641
    3620
    3612
    3610
    3555
    3572
    3666
    3642
    3537
    3602
    3567
    3640
    3664
    3631
    3694
    3525
    3589
    3562
    3587
    3711
    3674
    3620
    3564
    3620
    3688
    3673
    3799
    3673
    3695
    3760
    3788
    3843
    3842
    3716
    3818
    3826
    3921
    3872
    3952
    3876
    3878
    3956
    3911
    3896
    3982
    3804
    3815
    3692
    3698
    3668
    3589
    3592
    3385
    3274
    3118
    3020
    2905
    2831
    2663
    2590
    2505
    2401
    2316
    2266
    2238
    2056
    2041
    2096
    1987
    1954
    1876
    1890
    1885
    1750
    1723
    1696
    1763
    1643
    1692
    1649
    1629
    1541
    1539
    1525
    1470
    1533
    1534
    1515
    1539
    1468
    1460
    1513
    1468
    1498
    1498
    1385
    1507
    1537
    1499
    1481
    1552
    1537
    1567
    1830
    1934
    2045
    2447
    2725
    3083
    3547
    4205
    4808
    5607
    6467
    7367
    8378
    9489
   10452
   11526
   12615
   13470
   14335
   15003
   15316
   15875
   16361
   16736
   16473
   16203
   15685
   15687
   14911
   14292
   13642
   13110
   12327
   11801
   10932
   10389
    9851
    9066
    8572
    7997
    7472
    7038
    6578
    6038
    5661
    5328
    4914
    4513
    4258
    4024
    3698
    3392
    3059
    2920
    2664
    2494
    2240
    2100
    1839
    1744
    1631
    1360
    1284
    1084
     966
     844
     726
     577
     491
     447
     376
     353
     260
     221
     197
     125
     134
     105
     102
      86
      73
      65
      51
      55
      47
      56
      46
      44
      40
      52
      36
      35
      38
      25
      45
      39
      33
      32
      27
      39
      37
      40
      33
      28
      29
      30
      43
      26
      35
      36
      36
      36
      40
      45
      29
      26
      30
      32
      31
      40
      38
      32
      37
      34
      41
      37
      35
      33
      31
      38
      28
      22
      27
      32
      44
      26
      34
      27
      28
      34
      30
      31
      34
      17
      33
      28
      30
      36
      26
      29
      28
      22
      42
      23
      29
      35
      25
      36
      29
      24
      23
      27
      32
      26
      33
      21
      25
      26
      42
      20
      27
      28
      37
      29
      28
      22
      27
      29
      25
      34
      35
      28
      23
      26
      28
      18
      25
      29
      28
      19
      20
      28
      28
      29
      20
      17
      27
      24
      27
      20
      11
      18
      21
      23
      14
      16
      13
      19
      16
      21
      20
      10
      13
      18
      22
      19
      17
      17
      13
      22
      19
      18
      20
      16
      12
      20
       8
      17
      18
      15
      24
      15
      23
      17
      19
      14
      17
      13
      19
      18
      15
      13
      18
      21
      19
      19
      11
      17
      18
      19
      20
      15
      17
      26
      22
      31
      19
      15
      26
      21
      37
      25
      24
      31
      29
      22
      19
      30
      19
      25
      26
      25
      28
      31
      23
      23
      20
      27
      19
      26
      16
      27
      21
      16
      21
      26
      12
      29
      10
      10
      15
      18
      14
      22
      17
      20
      15
      12
       9
      11
      12
       9
      15
      18
      16
       8
      10
      16
      12
      14
       9
      11
      15
       7
      12
      11
      11
      16
      15
      11
      18
      17
       6
       8
       8
       8
       5
       8
      14
      10
       8
      12
       5
      12
       8
       8
       6
      10
       3
       5
       7
      10
      12
       5
       2
       7
       6
       6
       6
       4
       5
       7
       6
       8
       8
       5
       7
       6
       2
       6
       4
       6
       7
      10
       0
      11
       5
       6
       6
       5
       7
       5
       6
       9
       4
       3
       9
       3
       1
       2
       4
       5
       5
       6
       4
       7
       2
       2
       6
       2
       6
       4
       5
       6
       7
       5
       3
       4
       4
       8
       3
       6
       3
       5
       4
       1
       5
       1
       4
       4
       5
       4
       5
       1
       5
       5
       4
       5
       3
       4
       5
       8
       3
       4
       1
       4
       2
       3
       4
       8
       2
       3
       1
       5
       3
       3
       3
       5
       0
       2
       3
       3
       4
       7
       0
       3
       2
       3
       4
       5
       4
      10
       2
       4
       6
       6
       3
       3
       4
       5
       4
       8
       3
       1
       2
       4
       6
       6
       4
       3
       2
       0
       5
       3
       4
       4
       2
       4
       1
       0
       5
       1
       3
       1
       3
       1
       2
       4
       5
       3
       2
       3
       1
       3
       1
       1
       4
       0
       4
       2
       3
       6
       2
       0
       5
       3
       2
       1
       3
       1
       0
       3
       3
       2
       3
       3
       2
       0
       7
       4
       1
       2
       3
       5
       5
       4
       2
       2
       3
       3
       2
       2
       2
       2
       4
       1
       4
       4
       3
       1
       1
       8
       3
       0
       3
       7
       2
       3
       2
       6
       2
       3
       4
       2
       3
       6
       4
       0
       5
       3
       4
       4
       2
       4
       5
       2
       0
       0
       2
       5
       2
       2
       3
       3
       1
       3
       4
       3
       2
       2
       3
       1
       0
       6
       1
       3
       0
       0
       0
       2
       1
       0
       5
       2
       2
       0
       0
       1
       0
       0
       3
       1
       1
       1
       2
       2
       0
       1
       3
       2
       2
       0
       1
       0
       0
       0
       1
       2
       2
       0
       0
       3
       2
       2
       0
       1
       1
       0
       0
       0
       2
       0
       1
       1
       2
       0
       2
       2
       2
       1
       0
       2
       0
       0
       0
       1
       0
       1
       0
       0
       0
       1
       0
       0
       1
       0
       0
       0
       0
       0
       0
       0
       0
       0
       0
       0
       0
       1
       0
       1
       1
       0
       3
       0
       0
       1
       0
       1
       2
       0
       1
       0
       0
       0
       2
       0
       0
       1
       0
       2
       0
       1
       0
       0
       3
       0
       0
       1
       0
       1
       0
       1
       1
       0
       0
       1
       0
       0
       0
       1
       0
       1
       0
       1
       0
       1
       1
       0
       0
       2
       0
       1
       0
       0
       0
       0
       0
       0
       0
       0
       0
       0
       0
       0
       0
       0
       0
       0
       0
       1
       1
       1
       0
       0
       0
       0
       0
       0
       1
       0
       0
       0
       0
       0
       0
       0
       0
       0
       0
       0
       0
       0
       0
       0
       0
       0
       0
       0
       0
       0
       0
       0
       0
       0
       0
       0
       0
       0
       0
       0
       0
       0
       0
       0
       0
       0
       0
$ROI:
0
$PRESETS:
Live Time
900
0
$ENER_FIT:
47.423248 1.595783
$MCA_CAL:
3
4.742325E+001 1.595783E+000 1.708513E-003 keV
$SHAPE_CAL:
3
0.000000E+000 0.000000E+000 0.000000E+000
