$SPEC_ID:
none
$SPEC_REM:
DET# 1
DETDESC# Donnie Sheehan III - Easy-MCA-2k SN 14163589
AP# Maestro Version 7.01
$DATE_MEA:
04/17/2023 14:36:44
$MEAS_TIM:
1200 1200
$DATA:
0 1023
       0
       0
      10
      85
      60
      63
      52
      68
      68
      63
      54
      59
      77
      65
     104
     109
     111
     100
      90
      92
      89
      96
     119
     133
     122
     121
     122
     125
     150
     140
     162
     166
     161
     220
     268
     343
     359
     454
     401
     437
     409
     371
     421
     396
     332
     347
     329
     306
     305
     284
     313
     332
     287
     296
     297
     294
     292
     345
     317
     294
     353
     345
     317
     325
     333
     327
     324
     320
     333
     322
     333
     314
     285
     302
     299
     306
     297
     288
     300
     309
     288
     305
     284
     287
     262
     241
     296
     269
     246
     265
     302
     259
     299
     288
     277
     251
     254
     271
     245
     220
     262
     251
     255
     249
     219
     270
     302
     294
     311
     323
     342
     346
     344
     334
     346
     352
     336
     324
     305
     332
     330
     302
     276
     284
     283
     242
     235
     204
     213
     168
     174
     166
     163
     164
     157
     138
     158
     134
     144
     138
     127
     117
     111
     123
     126
     130
     122
     106
      82
     101
     104
     115
      97
     104
      84
      91
      89
      84
      90
      83
      65
      86
      92
      84
      66
      80
      75
      90
      90
      72
      73
      75
      78
      76
      62
      83
      58
      57
      67
      91
      73
      69
      78
      64
      74
      70
      62
      60
      46
      60
      78
      57
      68
      60
      68
      55
      70
      52
      60
      47
      59
      59
      69
      61
      73
      63
      69
      82
      74
      70
      72
      60
      62
      60
      68
      86
      62
      69
      60
      74
      69
      64
      63
      66
      69
      66
      51
      70
      66
      57
      62
      70
      65
      76
      61
      78
      60
      62
      58
      66
      68
      52
      67
      66
      54
      56
      53
      54
      52
      65
      63
      60
      67
      52
      54
      69
      65
      59
      68
      54
      50
      48
      75
      60
      67
      56
      53
      43
      57
      64
      52
      52
      52
      53
      50
      45
      49
      60
      44
      55
      43
      41
      62
      54
      45
      54
      40
      52
      49
      38
      38
      44
      47
      48
      38
      48
      51
      47
      43
      48
      41
      44
      45
      36
      30
      38
      32
      46
      33
      43
      47
      43
      37
      46
      40
      32
      42
      33
      38
      45
      43
      38
      41
      43
      30
      38
      32
      45
      27
      33
      38
      39
      45
      36
      31
      41
      34
      41
      37
      41
      37
      41
      26
      43
      30
      28
      36
      37
      47
      33
      35
      30
      29
      34
      34
      46
      41
      38
      36
      41
      33
      38
      34
      39
      22
      24
      32
      35
      32
      23
      40
      30
      22
      28
      30
      35
      27
      20
      40
      33
      33
      39
      35
      23
      27
      37
      42
      30
      31
      35
      36
      35
      36
      38
      37
      25
      38
      28
      48
      21
      33
      39
      31
      40
      34
      36
      36
      35
      32
      23
      29
      35
      31
      28
      27
      31
      24
      24
      26
      28
      31
      34
      31
      29
      28
      26
      28
      26
      21
      32
      29
      32
      29
      18
      32
      21
      21
      23
      32
      20
      23
      24
      22
      25
      17
      36
      27
      20
      22
      33
      21
       6
      20
      27
      24
      29
      23
      21
      25
      23
      15
      22
      14
      22
      16
      19
      25
      21
      27
      22
      15
      19
      21
      18
      18
      19
      15
      15
      16
      19
      14
      32
      20
      13
      18
      13
      18
      12
      23
      30
      24
      26
      24
      18
      23
      23
      32
      22
      25
      30
      23
      29
      23
      25
      31
      36
      28
      36
      28
      25
      37
      24
      26
      29
      21
      23
      23
      23
      28
      23
      31
      21
      18
      19
      21
      13
      25
      24
      29
      22
      24
      25
      24
      30
      23
      15
      24
      18
      17
      20
      12
      21
      14
      14
      18
      16
      13
      20
      16
      18
      16
      13
      15
      20
       6
       9
      10
       8
      18
      15
      18
       5
      10
       5
      19
       8
      15
      14
      13
      11
       9
      15
      17
      14
      15
      16
      15
       9
       8
      12
      10
       8
       6
       9
      11
      14
       9
       5
       8
       4
      10
       6
       9
       7
      10
      13
      11
       6
       5
       7
       7
       6
      11
       5
       5
       7
       5
       9
      10
       5
       5
       9
       7
       3
      12
       7
      11
      10
       4
       3
       6
      10
       5
       8
      10
       2
       7
       8
      10
       8
       8
       7
       5
       7
       5
       6
       6
       3
      11
       6
       3
       5
      10
       3
       7
       4
      10
       3
       6
       7
       3
       5
       6
       1
       5
       5
       4
       7
       5
       3
       5
       3
       9
       5
      11
       5
       6
       6
       8
       4
       1
      10
       5
       5
       3
       2
       5
       7
       4
       5
       6
       1
       4
       4
       7
       4
       2
       2
       6
       6
       3
       3
       8
       2
       6
       6
       3
       4
       6
       5
       8
       4
      10
       3
      11
       3
       6
       1
       1
       6
       3
       4
       4
       8
       9
       5
       7
       2
       6
       5
       5
       3
       8
       1
       4
       3
       3
       2
       4
       3
       3
       2
       5
       5
       2
       4
       5
       5
       4
       7
       4
       1
       5
       1
       2
       6
       3
       3
       4
       3
       2
       4
       5
       5
       5
       4
       5
       1
       3
       1
       0
       3
       1
       2
       2
       5
       2
       3
       1
       5
       3
       1
       3
       5
       2
       4
       4
       3
       2
       1
       4
       2
       3
       7
       3
       3
       5
       7
       1
       2
       3
       3
       2
       3
       2
       4
       3
       4
       4
       3
       6
       3
       8
       2
       6
       2
       3
       3
       0
       2
       0
       4
       4
       0
       3
       1
       1
       2
       2
       3
       0
       1
       4
       1
       5
       2
       5
       0
       2
       2
       2
       2
       8
       6
       2
       4
       0
       1
       2
       1
       3
       2
       2
       2
       1
       3
       2
       2
       0
       1
       2
       0
       1
       3
       1
       2
       0
       3
       0
       2
       2
       2
       1
       0
       2
       3
       1
       2
       0
       1
       0
       3
       2
       1
       3
       3
       0
       2
       1
       0
       2
       0
       1
       2
       2
       0
       1
       1
       1
       1
       0
       1
       1
       1
       3
       1
       0
       0
       3
       0
       0
       0
       3
       0
       0
       1
       0
       0
       1
       0
       0
       1
       1
       2
       1
       2
       3
       0
       1
       0
       0
       1
       2
       2
       2
       0
       0
       0
       0
       1
       1
       0
       0
       1
       0
       1
       2
       0
       0
       1
       1
       0
       0
       0
       0
       1
       2
       1
       0
       1
       1
       0
       1
       0
       1
       0
       1
       1
       0
       0
       0
       0
       0
       0
       0
       0
       1
       0
       0
       0
       0
       0
       0
       1
       1
       1
       0
       0
       0
       0
       1
       0
       2
       1
       0
       0
       1
       1
       0
       0
       0
       0
       0
       0
       0
       0
       0
       0
       0
       0
       0
       0
       0
       0
       0
       0
       0
       0
       0
       0
       0
       0
       0
       0
       0
       0
       0
       0
       0
       0
       0
       0
       0
       0
$ROI:
0
$PRESETS:
Live Time
1200
0
$ENER_FIT:
47.423248 1.595783
$MCA_CAL:
3
4.742325E+001 1.595783E+000 1.708513E-003 keV
$SHAPE_CAL:
3
0.000000E+000 0.000000E+000 0.000000E+000
