$SPEC_ID:
none
$SPEC_REM:
DET# 1
DETDESC# Donnie Sheehan III - Easy-MCA-2k SN 14163589
AP# Maestro Version 7.01
$DATE_MEA:
04/17/2023 14:57:15
$MEAS_TIM:
1200 1200
$DATA:
0 1023
       0
       0
       9
      83
      56
      45
      52
      49
      39
      43
      55
      53
      52
      57
      54
      63
      79
      76
      76
      69
      52
      57
      87
      79
      89
      66
      91
      87
      93
      97
      95
     123
     119
     149
     182
     221
     209
     262
     268
     247
     273
     280
     251
     224
     215
     230
     237
     209
     188
     192
     193
     171
     192
     184
     211
     201
     202
     203
     169
     189
     192
     190
     184
     202
     169
     179
     225
     173
     228
     195
     190
     196
     207
     177
     187
     197
     156
     192
     195
     189
     165
     167
     175
     176
     212
     196
     174
     198
     179
     183
     188
     190
     206
     189
     190
     191
     192
     187
     172
     192
     154
     164
     164
     154
     150
     157
     132
     115
     143
     141
     148
     134
     108
     137
     138
     112
      96
      97
     119
     121
     122
      99
      97
     111
     100
      85
     133
     103
     105
     108
     115
     108
     112
      94
      91
     105
     110
      93
      84
      86
      86
      92
     109
      92
      84
      94
      86
      93
      95
      67
      69
      90
      82
      93
      87
      90
      86
      84
      70
      74
      85
      62
      86
      73
      95
      72
      80
      77
      76
      76
      55
      76
      65
      55
      80
      70
      60
      83
      70
      65
      61
      77
      74
      66
      77
      73
      78
      67
      71
      48
      58
      73
      57
      77
      51
      83
      71
      66
      82
      67
      69
      60
      79
      61
      82
      71
      68
      52
      63
      66
      73
      69
      60
      81
      72
      60
      53
      70
      64
      59
      65
      71
      73
      47
      73
      55
      71
      72
      75
      58
      67
      73
      64
      71
      66
      70
      62
      59
      59
      51
      65
      64
      92
      65
      63
      55
      72
      57
      49
      58
      70
      61
      69
      56
      67
      63
      65
      67
      67
      71
      65
      64
      57
      73
      64
      47
      50
      52
      51
      51
      47
      51
      61
      54
      41
      51
      43
      46
      46
      37
      48
      41
      48
      45
      48
      40
      57
      39
      36
      34
      39
      48
      45
      56
      48
      49
      43
      46
      31
      43
      37
      50
      34
      44
      43
      35
      43
      38
      46
      33
      39
      29
      42
      43
      29
      41
      48
      41
      27
      35
      43
      24
      31
      28
      30
      38
      36
      44
      41
      34
      35
      33
      32
      41
      50
      30
      31
      42
      37
      32
      30
      31
      43
      33
      29
      35
      37
      33
      37
      30
      27
      34
      25
      39
      42
      29
      32
      40
      37
      29
      27
      26
      40
      36
      28
      42
      31
      33
      43
      35
      22
      33
      32
      37
      30
      38
      45
      32
      22
      25
      32
      27
      38
      41
      32
      21
      31
      30
      34
      32
      41
      34
      30
      34
      30
      25
      27
      35
      39
      27
      32
      19
      27
      39
      44
      25
      29
      34
      27
      21
      39
      36
      38
      33
      28
      32
      27
      28
      33
      28
      24
      26
      36
      29
      29
      34
      26
      21
      28
      32
      23
      32
      30
      34
      22
      24
      32
      24
      28
      16
      24
      17
      27
      20
      17
      21
      27
      30
      15
      16
      19
      23
      23
      27
      24
      18
      26
      22
      13
      26
      20
      19
      18
      21
      25
      22
      18
      21
      23
      15
      21
      16
      19
      21
      17
      22
      24
      18
      14
      19
      24
      18
      20
      16
      23
      18
      28
      22
      18
      15
      14
      23
      22
      22
      27
      31
      30
      22
      20
      37
      23
      38
      30
      23
      30
      30
      34
      23
      23
      30
      22
      30
      31
      29
      22
      16
      35
      25
      17
      19
      25
      33
      20
      14
      17
      29
      27
      21
      31
      22
      16
      24
      21
      32
      20
      14
      21
      17
      17
      17
      20
      17
      23
      15
      24
       9
      17
      19
      16
      15
      20
      11
      23
      16
      17
       9
      18
      15
      19
      13
      12
      12
      12
      14
       9
      12
       7
      14
      16
      12
      10
      11
      18
      13
      11
      15
      10
       6
      10
       8
       9
       7
      10
       2
      10
       8
      11
       7
       7
       8
       7
      11
       5
      13
       4
       8
      10
       4
       9
       7
       5
       7
      13
       5
       6
      12
       8
      12
       5
       6
       7
       6
       4
       8
       6
       9
       8
       6
       6
      10
      12
       6
      10
       5
       6
       7
      10
       6
       6
       6
       3
       6
       5
       8
       5
       9
       4
       7
       5
       2
       7
       7
       5
       4
       1
       2
       5
       5
       2
       3
       6
       6
      11
       3
       7
       5
       5
       9
       6
       1
       4
       5
       2
       6
       9
       6
       2
       4
       3
       5
       4
       5
       5
       5
       7
       7
       6
       6
       5
       7
       6
      10
       9
       2
       4
       7
       3
       6
       5
       4
       5
       3
       4
       5
       4
       5
       5
       6
       6
       7
       4
       3
       5
       7
      10
       4
       5
       5
       4
       5
       1
       6
       4
       8
       0
       5
       4
       5
       4
       5
       7
       6
       3
       6
       3
       0
       3
       4
       3
       7
       4
       3
       3
       8
       4
       3
       4
       4
       7
       3
       3
       3
       7
       1
       3
       5
       7
       1
       3
       5
       2
       2
       4
       3
       5
       3
       4
       2
       1
       2
       4
       4
       3
       3
       1
       2
       5
       1
       3
       9
       3
       2
       1
       1
       3
       4
       7
       5
       3
       6
       4
       2
       5
       1
       5
       6
       4
       5
       1
       1
       1
       4
       2
       6
       4
       3
       4
       0
       2
       5
       3
       4
       2
       0
       2
       3
       6
       1
       4
       2
       3
       6
      11
       8
       3
       4
       3
       3
       2
       3
       2
       2
       1
       5
       3
       1
       5
       7
       6
       3
       6
       3
       6
       2
       2
       1
       5
       1
       4
       1
       0
       5
       3
       1
       2
       6
       0
       1
       2
       0
       0
       2
       3
       1
       3
       0
       0
       0
       0
       1
       0
       1
       1
       0
       2
       2
       3
       0
       2
       1
       2
       1
       0
       3
       2
       1
       1
       3
       2
       1
       0
       1
       1
       1
       0
       1
       2
       2
       1
       0
       1
       0
       0
       0
       0
       1
       2
       1
       1
       0
       1
       0
       0
       0
       1
       0
       0
       0
       0
       1
       0
       0
       1
       0
       0
       0
       0
       1
       0
       0
       0
       0
       0
       1
       2
       1
       0
       0
       0
       0
       0
       0
       2
       0
       0
       1
       1
       0
       0
       0
       0
       0
       0
       0
       3
       0
       0
       1
       0
       1
       2
       0
       0
       0
       0
       1
       0
       1
       0
       1
       0
       0
       0
       0
       1
       0
       0
       0
       0
       0
       0
       0
       1
       1
       0
       0
       1
       0
       0
       2
       0
       0
       0
       0
       2
       0
       0
       2
       2
       0
       0
       0
       0
       0
       0
       0
       0
       0
       0
       0
       0
       0
       0
       0
       0
       0
       0
       0
       0
       0
       0
       0
       0
       0
       0
       0
       0
       0
       0
       0
       0
       0
       0
       0
$ROI:
0
$PRESETS:
Live Time
1200
0
$ENER_FIT:
47.423248 1.595783
$MCA_CAL:
3
4.742325E+001 1.595783E+000 1.708513E-003 keV
$SHAPE_CAL:
3
0.000000E+000 0.000000E+000 0.000000E+000
