$SPEC_ID:
none
$SPEC_REM:
DET# 1
DETDESC# Donnie Sheehan III - Easy-MCA-2k SN 14163589
AP# Maestro Version 7.01
$DATE_MEA:
04/19/2023 15:20:07
$MEAS_TIM:
1200 1200
$DATA:
0 1023
       0
       0
      11
      89
      52
      45
      47
      43
      56
      46
      52
      51
      58
      65
      74
      77
      75
      64
      69
      76
      59
      65
      71
      88
      76
      92
      75
     103
      83
      82
     111
     132
     111
     146
     141
     191
     223
     228
     252
     263
     268
     274
     286
     270
     238
     254
     264
     238
     227
     200
     220
     179
     213
     208
     208
     210
     196
     201
     226
     183
     205
     226
     194
     202
     222
     213
     196
     203
     191
     193
     204
     214
     209
     215
     196
     198
     199
     218
     186
     192
     234
     190
     213
     187
     187
     204
     207
     206
     182
     203
     210
     246
     211
     188
     201
     205
     225
     195
     189
     197
     178
     197
     169
     159
     185
     171
     152
     138
     159
     147
     143
     116
     120
     154
     176
     138
     126
     136
     136
     129
     131
     116
     132
     112
     102
     109
     134
     100
     113
     110
     103
     104
     103
      96
      95
      94
     112
     101
     125
     101
      94
     103
     111
     111
     102
      97
      87
      86
      94
      94
     100
     115
      86
      88
      99
      82
      93
     103
      73
      82
      79
      96
      93
      76
      76
      75
      69
      75
      73
      78
      77
      76
      68
      85
      64
      63
      83
      69
      57
      64
      53
      76
      66
      71
      53
      55
      65
      62
      66
      72
      57
      61
      79
      61
      59
      75
      69
      68
      64
      59
      70
      57
      65
      65
      55
      74
      58
      72
      66
      80
      68
      61
      61
      67
      66
      51
      71
      75
      69
      64
      70
      68
      61
      56
      53
      65
      67
      74
      57
      61
      52
      68
      57
      64
      59
      70
      62
      43
      49
      67
      62
      65
      59
      81
      68
      46
      57
      87
      60
      69
      56
      64
      58
      65
      45
      63
      60
      70
      50
      51
      69
      62
      57
      61
      56
      63
      63
      56
      60
      68
      50
      63
      49
      56
      59
      51
      46
      53
      51
      46
      48
      33
      52
      45
      51
      53
      53
      53
      42
      39
      55
      44
      45
      52
      42
      51
      42
      39
      37
      40
      37
      39
      41
      53
      43
      36
      52
      34
      44
      46
      34
      37
      33
      45
      38
      32
      48
      53
      48
      33
      35
      31
      37
      41
      29
      37
      29
      46
      42
      35
      33
      34
      36
      40
      36
      26
      43
      35
      32
      35
      36
      40
      34
      46
      32
      25
      29
      27
      26
      31
      34
      37
      28
      36
      36
      39
      52
      33
      40
      38
      39
      45
      44
      34
      25
      34
      35
      35
      32
      21
      30
      36
      30
      28
      35
      32
      39
      32
      35
      31
      42
      29
      44
      32
      33
      37
      27
      31
      28
      36
      38
      36
      32
      36
      31
      31
      28
      39
      41
      41
      27
      26
      29
      43
      31
      39
      32
      36
      35
      32
      31
      43
      25
      20
      28
      26
      33
      25
      38
      37
      28
      33
      28
      24
      17
      24
      31
      30
      35
      28
      33
      26
      33
      27
      20
      36
      39
      30
      21
      23
      26
      18
      20
      37
      23
      21
      19
      30
      23
      25
      29
      30
      20
      31
      21
      22
      20
      22
      19
      23
      11
      25
      30
      24
      16
      19
      24
      13
      18
      18
      14
      21
      20
      18
      17
      19
      14
      15
      18
      17
      17
      19
      17
      25
      32
      16
      23
      15
       9
      26
      25
      27
      18
      17
       8
      23
      18
      22
      19
      23
      25
      25
      16
      24
      25
      17
      38
      26
      23
      24
      35
      18
      26
      24
      23
      28
      34
      28
      33
      30
      21
      22
      25
      26
      15
      23
      26
      22
      27
      26
      32
      22
      20
      18
      23
      33
      20
      11
      25
      16
      27
      28
      22
      22
      27
      24
      33
      21
      24
      14
      24
      12
      18
      22
      15
      13
      15
      24
      15
      12
      24
      19
      12
      18
      17
      14
      11
      14
      14
      11
      15
      13
       7
      12
      13
      19
       8
      11
      11
      12
      11
      13
       4
       8
       6
      13
      12
      14
       5
      10
       8
       3
      13
      10
      10
      11
       8
       7
       8
      10
       5
       9
       7
       7
       8
       3
       8
       6
       9
       5
      11
       6
       8
       9
       1
       8
       8
       6
       7
      12
      12
       8
       6
       6
       7
       6
       7
       6
       2
       5
       8
       8
       6
       5
       1
       7
       8
       9
       4
       5
       2
       4
       7
       7
       2
       3
       6
       5
       6
       6
       3
      11
       7
       3
       7
       5
       5
       7
       5
       4
       2
       4
       5
       3
       8
      10
       5
       4
       8
       5
       1
       6
       5
       1
       8
       5
       3
       5
       6
       5
       2
       2
       8
       8
       7
       3
       8
       6
       2
       5
       4
       7
       1
       7
       6
       0
       6
       5
       5
       5
       4
       4
       7
       4
      10
       4
       5
       7
       4
       5
       4
       5
       1
       3
       6
       5
       8
       5
       8
       4
       5
       7
       5
       3
       6
       5
       4
       3
       7
       6
       3
       3
       7
       7
       8
       5
       5
       1
       8
       3
       6
       1
       5
       8
       7
       4
       1
       8
       3
       3
       8
       2
       5
       5
       1
       5
       1
       7
       4
       5
       6
       3
       6
       3
       5
       4
       4
       2
       2
       3
       1
       2
       3
       1
       3
       5
       3
       2
       1
       4
       1
       3
       5
       6
       1
       3
       1
       1
       2
       3
       3
       6
       4
       3
       3
       2
       2
       4
       2
       3
       5
       4
       6
       4
       5
       6
       2
       5
       4
       3
       5
       5
       1
       4
       4
       5
       7
       4
       5
       3
       2
       2
       3
       3
       2
       2
       2
       2
       5
       5
       5
       2
       4
       7
       4
       3
       5
       2
       3
       3
       1
       3
       3
       2
       5
       2
       1
       3
       4
       1
       2
       3
       1
       3
       4
       0
       4
       1
       2
       1
       2
       4
       1
       6
       1
       5
       1
       4
       4
       1
       3
       1
       4
       0
       0
       1
       1
       2
       1
       2
       1
       0
       1
       2
       1
       4
       3
       2
       1
       2
       2
       4
       2
       0
       0
       1
       4
       1
       0
       2
       1
       0
       0
       3
       0
       1
       0
       3
       0
       0
       1
       1
       0
       1
       0
       0
       0
       0
       1
       1
       1
       1
       1
       0
       0
       2
       0
       1
       0
       0
       0
       0
       1
       0
       1
       1
       0
       0
       0
       1
       2
       1
       0
       0
       0
       0
       0
       3
       0
       0
       0
       0
       0
       0
       1
       1
       0
       1
       1
       0
       0
       1
       0
       2
       1
       0
       0
       1
       2
       0
       0
       0
       0
       0
       0
       1
       0
       0
       0
       0
       2
       1
       2
       1
       0
       2
       0
       0
       1
       2
       0
       0
       0
       0
       0
       0
       0
       0
       0
       0
       0
       0
       0
       0
       0
       0
       0
       0
       0
       0
       0
       0
       0
       0
       0
       0
       0
       0
       0
       0
       0
       0
       0
       0
$ROI:
0
$PRESETS:
Live Time
1200
0
$ENER_FIT:
47.423248 1.595783
$MCA_CAL:
3
4.742325E+001 1.595783E+000 1.708513E-003 keV
$SHAPE_CAL:
3
0.000000E+000 0.000000E+000 0.000000E+000
