$SPEC_ID:
none
$SPEC_REM:
DET# 1
DETDESC# Donnie Sheehan III - Easy-MCA-2k SN 14163589
AP# Maestro Version 7.01
$DATE_MEA:
04/19/2023 14:59:34
$MEAS_TIM:
1200 1200
$DATA:
0 1023
       0
       0
       7
      93
      58
      63
      55
      58
      51
      69
      76
      55
      68
      80
      93
     106
     120
     107
     103
      95
      76
      86
     109
      86
     100
     117
     130
     113
     122
     134
     156
     158
     169
     178
     227
     276
     338
     356
     405
     443
     441
     405
     394
     395
     375
     418
     391
     379
     347
     343
     319
     327
     265
     326
     338
     299
     332
     298
     306
     310
     345
     352
     343
     341
     377
     359
     355
     327
     342
     322
     362
     325
     313
     292
     324
     288
     336
     341
     316
     312
     307
     301
     296
     308
     333
     291
     321
     304
     353
     340
     313
     301
     324
     325
     324
     297
     296
     299
     277
     292
     314
     302
     313
     351
     318
     367
     376
     406
     416
     377
     376
     377
     430
     418
     326
     341
     303
     282
     295
     271
     291
     241
     251
     219
     203
     206
     198
     171
     169
     161
     150
     156
     157
     143
     133
     157
     127
     142
     119
     123
     127
     108
     107
      97
     103
     107
     111
     117
     101
      99
     116
     117
     100
      99
      86
      81
      90
      91
      69
      85
      93
      83
      84
      83
      92
      68
      75
      69
      88
      76
      78
      78
      72
      75
      74
      91
      70
      74
      70
      68
      74
      55
      64
      64
      79
      63
      72
      55
      53
      55
      62
      60
      76
      85
      64
      50
      55
      73
      46
      60
      53
      63
      77
      75
      68
      47
      59
      63
      42
      52
      58
      72
      62
      59
      59
      56
      78
      61
      69
      51
      58
      67
      69
      71
      54
      72
      54
      61
      60
      74
      69
      55
      72
      66
      67
      70
      65
      68
      65
      69
      61
      58
      76
      71
      44
      63
      64
      73
      60
      72
      54
      59
      53
      61
      55
      60
      49
      57
      59
      64
      54
      60
      56
      57
      73
      72
      57
      55
      68
      79
      49
      59
      62
      59
      59
      47
      54
      62
      59
      38
      44
      48
      43
      42
      40
      54
      49
      51
      41
      37
      49
      45
      41
      53
      50
      46
      46
      33
      51
      39
      41
      41
      36
      40
      38
      38
      30
      33
      34
      48
      45
      34
      35
      44
      38
      39
      39
      48
      31
      39
      38
      26
      30
      35
      37
      48
      36
      51
      34
      46
      39
      40
      35
      32
      22
      36
      38
      33
      27
      25
      33
      39
      30
      32
      36
      21
      30
      33
      35
      40
      41
      42
      38
      45
      28
      28
      35
      45
      27
      33
      36
      33
      22
      34
      39
      32
      37
      27
      25
      38
      36
      30
      26
      32
      35
      31
      33
      46
      24
      29
      42
      25
      40
      36
      37
      38
      29
      24
      42
      34
      29
      30
      31
      38
      31
      35
      43
      51
      28
      31
      31
      40
      28
      40
      30
      35
      37
      27
      36
      31
      31
      28
      46
      28
      31
      28
      27
      32
      30
      26
      32
      31
      33
      42
      25
      34
      33
      29
      22
      24
      28
      26
      29
      44
      30
      33
      19
      41
      29
      27
      24
      27
      25
      23
      20
      18
      22
      27
      20
      23
      23
      16
      23
      20
      26
      25
      28
      30
      24
      31
      23
      21
      20
      28
      18
      21
      15
      22
      21
      17
      22
      23
      18
      21
      26
      23
      20
      26
      16
      21
      21
      20
      15
      20
      24
      22
      18
      16
      16
      15
      24
      23
      14
      18
      22
      12
      16
      14
      14
      22
      19
      22
      21
      26
      21
      20
      20
      32
      28
      20
      22
      23
      23
      27
      30
      35
      32
      26
      24
      21
      29
      33
      38
      29
      25
      26
      21
      37
      25
      27
      42
      27
      19
      34
      11
      34
      28
      20
      19
      32
      23
      29
      24
      17
      22
      21
      29
      31
      23
      24
      22
      20
      23
      24
      14
      20
      14
      15
      12
      19
      16
      13
      13
      12
       8
      14
      24
      12
       9
      19
      14
      12
      13
      19
      18
      17
      14
      13
       9
      16
      10
       9
      12
      10
      17
       4
       6
       8
       7
       6
       6
      10
      14
       3
      14
       7
       6
       5
      14
       6
       7
       7
      11
       7
      10
       7
       9
       8
       5
       5
       4
       6
       5
       7
       8
      12
       8
       8
       7
       7
       5
       7
       7
       9
       6
       5
       9
       8
       9
       6
       8
      11
       6
       4
       5
       5
       6
       6
       5
       3
       8
       2
       4
       6
       7
       6
       4
       6
       6
       9
       7
       8
       3
       5
       6
       5
       7
       6
       4
       4
       1
       8
       1
       5
       8
       5
       1
       2
       6
       8
       2
       6
       6
       8
       4
       8
       5
       8
       8
       4
       4
       4
       7
       4
       6
       6
       9
       2
       4
       4
       1
       4
       6
       3
       6
       4
       7
       6
       5
       7
       9
       6
       4
       4
       1
       2
       5
       7
       3
       3
       4
       4
       7
       5
       8
       5
       6
       7
       6
       8
       5
       1
       4
       7
       8
       5
       2
       4
       4
       4
       3
       4
       3
       5
       4
       4
       4
       7
       7
       4
       4
       3
       6
       4
       9
       5
      10
       2
       5
       2
       2
       2
       3
       1
       3
       3
       3
       4
       4
       0
       4
       2
       4
       3
       1
       4
       4
       4
       3
       2
       2
       2
       3
       1
       2
       2
       6
       2
       2
       3
       3
       2
       6
       2
       1
       1
       3
       3
       4
       4
       5
       0
       0
       2
       0
       5
       4
       5
       5
       2
       3
       4
       4
       1
       6
       4
       6
       4
       2
       1
       6
       2
       2
       5
       2
       6
       3
       3
       3
       2
       5
       2
       3
       2
       4
       2
       8
       1
       2
       3
       4
       1
       2
       2
       2
       3
       6
       2
       1
       1
       1
       1
       0
       2
       3
       3
       3
       2
       4
       3
       1
       2
       4
       2
       2
       1
       3
       2
       3
       1
       1
       2
       1
       3
       3
       3
       4
       1
       1
       7
       2
       3
       1
       3
       0
       2
       2
       1
       0
       0
       2
       1
       1
       1
       0
       2
       1
       2
       2
       7
       2
       2
       2
       1
       5
       0
       0
       3
       1
       3
       2
       1
       0
       1
       1
       0
       1
       1
       0
       0
       0
       1
       0
       0
       0
       2
       0
       0
       1
       2
       0
       1
       0
       0
       1
       0
       0
       0
       0
       0
       0
       0
       2
       1
       0
       0
       0
       0
       1
       0
       1
       0
       0
       0
       1
       0
       0
       1
       0
       1
       2
       0
       0
       1
       0
       0
       0
       1
       0
       1
       0
       1
       1
       1
       1
       1
       1
       0
       1
       1
       0
       1
       0
       1
       0
       0
       0
       0
       0
       0
       0
       1
       2
       1
       0
       0
       0
       0
       0
       2
       0
       0
       0
       0
       0
       0
       0
       0
       0
       0
       0
       0
       0
       0
       0
       0
       0
       0
       0
       0
       0
       0
       0
       0
       0
       0
       0
       0
       0
       0
       0
       0
       0
       0
$ROI:
0
$PRESETS:
Live Time
1200
0
$ENER_FIT:
47.423248 1.595783
$MCA_CAL:
3
4.742325E+001 1.595783E+000 1.708513E-003 keV
$SHAPE_CAL:
3
0.000000E+000 0.000000E+000 0.000000E+000
