$SPEC_ID:
none
$SPEC_REM:
DET# 1
DETDESC# Donnie Sheehan III - Easy-MCA-2k SN 14163589
AP# Maestro Version 7.01
$DATE_MEA:
04/19/2023 13:06:38
$MEAS_TIM:
1200 1200
$DATA:
0 1023
       0
       0
      11
     100
      67
      37
      55
      56
      61
      72
      59
      74
      48
      79
     101
     121
     114
     116
      79
      98
      89
      84
     103
      98
     125
     103
     117
     116
     121
     136
     151
     166
     204
     213
     256
     284
     342
     383
     461
     444
     410
     435
     390
     386
     377
     392
     363
     373
     329
     336
     320
     311
     284
     326
     305
     324
     311
     290
     312
     319
     315
     341
     337
     335
     342
     311
     339
     370
     394
     343
     372
     337
     350
     340
     356
     352
     342
     346
     349
     374
     366
     307
     326
     383
     353
     363
     348
     388
     361
     381
     356
     374
     374
     385
     383
     367
     401
     424
     402
     426
     462
     439
     434
     440
     445
     418
     425
     362
     362
     351
     315
     272
     275
     236
     205
     204
     198
     199
     187
     162
     179
     149
     150
     164
     130
     135
     145
     125
     156
     124
     111
     111
     106
     103
     120
     116
     102
     113
     118
     104
      94
      88
     107
      96
      93
      97
      99
      85
      96
      99
     108
      77
      80
      81
      85
      69
      95
      89
      67
     102
      88
      79
      66
      75
      86
      71
      66
      63
      82
      65
      68
      75
      65
      73
      66
      61
      77
      75
      75
      83
      65
      65
      81
      64
      60
      67
      69
      59
      61
      71
      55
      68
      55
      71
      58
      66
      67
      50
      63
      57
      63
      59
      52
      61
      48
      58
      56
      61
      66
      64
      62
      66
      64
      59
      70
      72
      60
      69
      57
      71
      61
      66
      65
      63
      77
      49
      70
      57
      61
      58
      57
      67
      65
      84
      52
      53
      56
      53
      64
      61
      63
      62
      63
      58
      52
      64
      56
      70
      61
      60
      66
      54
      62
      58
      43
      63
      57
      66
      57
      71
      60
      58
      54
      66
      57
      68
      56
      48
      56
      54
      41
      48
      55
      47
      55
      36
      45
      43
      54
      53
      51
      51
      50
      52
      54
      44
      56
      33
      38
      43
      42
      33
      52
      38
      44
      49
      37
      49
      35
      43
      41
      30
      31
      38
      39
      37
      42
      28
      41
      42
      26
      41
      31
      48
      44
      35
      26
      49
      42
      30
      32
      30
      36
      29
      37
      36
      37
      33
      34
      38
      40
      33
      36
      44
      40
      35
      42
      37
      28
      35
      43
      51
      29
      31
      33
      31
      29
      36
      32
      29
      40
      36
      33
      29
      29
      22
      38
      40
      36
      27
      24
      26
      28
      31
      23
      43
      35
      29
      30
      47
      35
      31
      33
      29
      27
      30
      21
      27
      48
      33
      27
      29
      26
      34
      36
      44
      29
      30
      29
      28
      37
      43
      27
      25
      26
      36
      37
      33
      19
      32
      32
      29
      25
      23
      36
      32
      34
      37
      37
      47
      36
      43
      33
      30
      28
      27
      32
      29
      31
      24
      29
      33
      12
      28
      25
      36
      30
      26
      21
      15
      24
      23
      22
      23
      28
      23
      34
      29
      31
      29
      26
      27
      23
      20
      19
      24
      26
      22
      23
      29
      21
      25
      24
      30
      16
      19
      22
      21
      19
      17
      25
      32
      14
      15
      14
      11
      18
      22
      26
      24
      12
      19
      12
      13
      12
      18
      25
      15
      18
      19
      15
      25
      23
      15
      10
      22
      21
      23
      14
      19
      14
      20
      17
      17
      18
      22
      21
      18
      16
      21
      26
      26
      24
      18
      23
      22
      29
      33
      28
      20
      21
      32
      24
      32
      29
      14
      28
      17
      29
      24
      27
      40
      27
      29
      24
      27
      16
      20
      20
      16
      17
      20
      22
      25
      21
      22
      17
      15
      25
      17
      15
      23
      14
      13
      19
      14
      17
      18
      19
      23
      15
      15
      18
      29
      23
      18
      15
      11
      11
      12
       9
      16
      18
      11
      11
      20
      12
      16
      16
      16
      19
      13
       7
       8
      17
      12
      10
      12
      12
       9
      13
      14
      14
       6
       9
       7
       9
      11
      11
      13
       7
       3
       9
       8
      10
       8
       4
       9
       4
       4
       9
       9
      12
       6
       9
       3
       5
       7
       9
       6
      13
       8
       6
       2
       6
       9
       6
       4
      10
       9
       8
      10
       7
       7
      10
       8
       7
       4
       7
       6
       0
       7
       9
       9
       4
       5
       4
       4
       5
       5
       8
       4
       3
       6
       7
       3
       7
       4
       3
       6
       4
       5
       2
       3
       2
       5
       8
       5
       1
       4
       5
       3
       4
       3
       4
       3
       3
      10
       4
       5
       2
       4
       6
       2
       4
       3
       3
       7
       3
       1
       5
       7
       7
       7
       7
       7
      11
       3
      11
       5
       7
       7
       3
       3
       9
       1
       2
       3
       5
       3
       4
       6
       3
       4
       6
       5
       4
       6
       7
       6
       8
       3
       5
       5
       2
       4
       4
       4
       5
       5
       7
       2
       3
       7
       2
       7
       4
       2
       3
       2
       4
       4
       6
       2
       4
       4
       5
       6
       1
       5
       5
       3
       6
       3
       7
       1
       4
       3
       7
       6
       2
       6
       2
       3
       4
       0
       2
       1
       3
       2
       0
       3
       2
       6
       4
       5
       7
       3
       3
       0
       4
       3
       0
       2
       3
       0
       0
       4
       2
       0
       4
       1
       2
       5
       0
       1
       3
       3
       1
       2
       3
       3
       4
       1
       4
       4
       1
       3
       4
       4
       4
       6
       4
       4
       2
       1
       9
       8
       1
       5
       7
       1
       1
       3
       4
       4
       4
       1
       4
       2
       2
       3
       7
       2
       3
       7
       4
       2
       3
       5
       8
       4
       5
       3
       5
       6
       1
       1
       1
       3
       2
       4
       0
       2
       1
       3
       3
       4
       1
       4
       3
       3
       1
       0
       2
       2
       1
       3
       2
       2
       2
       2
       3
       3
       3
       4
       2
       4
       2
       0
       3
       2
       0
       1
       1
       0
       0
       0
       1
       2
       1
       2
       2
       3
       0
       2
       3
       0
       0
       1
       2
       1
       1
       1
       2
       0
       0
       0
       0
       1
       1
       0
       0
       1
       1
       0
       1
       0
       0
       0
       1
       0
       0
       0
       0
       1
       1
       0
       2
       0
       0
       0
       1
       1
       0
       1
       1
       0
       0
       0
       2
       0
       0
       1
       2
       0
       0
       1
       0
       0
       0
       0
       0
       1
       0
       0
       0
       0
       1
       1
       0
       0
       1
       2
       1
       1
       1
       0
       0
       0
       1
       0
       0
       1
       0
       1
       0
       0
       0
       0
       1
       1
       2
       2
       1
       0
       1
       0
       0
       0
       0
       0
       0
       1
       0
       0
       1
       0
       1
       0
       0
       0
       0
       0
       0
       0
       0
       0
       0
       0
       0
       0
       0
       0
       0
       0
       0
       0
       0
       0
       0
       0
       0
       0
       0
       0
       0
       0
       0
       0
       0
       0
       0
       0
$ROI:
0
$PRESETS:
Live Time
1200
0
$ENER_FIT:
47.423248 1.595783
$MCA_CAL:
3
4.742325E+001 1.595783E+000 1.708513E-003 keV
$SHAPE_CAL:
3
0.000000E+000 0.000000E+000 0.000000E+000
