$SPEC_ID:
none
$SPEC_REM:
DET# 1
DETDESC# Donnie Sheehan III - Easy-MCA-2k SN 14163589
AP# Maestro Version 7.01
$DATE_MEA:
04/19/2023 13:27:10
$MEAS_TIM:
1200 1200
$DATA:
0 1023
       0
       0
       8
      94
      42
      41
      46
      39
      52
      47
      40
      49
      53
      60
      57
      68
      63
      84
      80
      76
      63
      59
      63
      85
      84
      77
      86
      83
      90
     108
     105
     109
     114
     114
     135
     190
     200
     248
     264
     278
     260
     247
     254
     238
     287
     247
     249
     225
     210
     180
     199
     206
     198
     185
     224
     186
     184
     206
     214
     187
     213
     193
     200
     204
     166
     228
     215
     205
     224
     186
     206
     204
     211
     223
     227
     236
     200
     208
     220
     211
     215
     211
     215
     231
     259
     205
     220
     231
     247
     231
     243
     212
     221
     192
     228
     212
     194
     175
     183
     182
     168
     154
     146
     149
     152
     152
     139
     152
     123
     117
     151
     124
     132
     135
     111
     117
     135
     110
     111
     110
      95
      88
     105
     129
     116
     112
      86
     105
     110
     101
      98
      91
     109
     103
     107
      80
      83
      90
      88
     110
      88
      98
      94
      88
      95
      98
      89
      92
      88
      89
      99
      91
      85
     102
      88
      83
      92
      80
      83
      79
      85
      60
      78
      68
      66
      78
      73
      66
      81
      84
      66
      76
      70
      76
      69
      79
      66
      62
      80
      64
      71
      55
      65
      53
      58
      69
      65
      60
      54
      65
      65
      50
      70
      54
      61
      47
      58
      59
      60
      54
      59
      53
      58
      63
      57
      58
      57
      67
      54
      57
      53
      65
      60
      61
      69
      68
      59
      70
      63
      64
      59
      64
      59
      62
      60
      57
      53
      69
      62
      50
      67
      54
      55
      66
      58
      62
      46
      61
      74
      63
      59
      53
      44
      53
      57
      61
      55
      69
      52
      64
      63
      47
      59
      51
      42
      64
      60
      71
      60
      65
      64
      72
      58
      65
      46
      74
      55
      60
      59
      59
      55
      56
      58
      54
      57
      34
      56
      54
      52
      33
      63
      49
      46
      40
      49
      35
      53
      41
      48
      41
      43
      51
      42
      41
      39
      46
      46
      42
      49
      37
      46
      46
      40
      30
      53
      37
      34
      38
      37
      43
      38
      26
      43
      31
      28
      42
      38
      33
      35
      30
      37
      39
      39
      46
      24
      22
      39
      36
      40
      32
      30
      34
      33
      27
      38
      42
      27
      37
      40
      30
      39
      38
      32
      32
      27
      35
      36
      31
      20
      25
      26
      36
      30
      33
      27
      39
      35
      25
      29
      35
      37
      36
      34
      35
      24
      28
      34
      33
      26
      33
      31
      35
      32
      33
      23
      37
      19
      36
      28
      29
      31
      39
      27
      31
      18
      38
      28
      30
      46
      25
      21
      38
      33
      34
      37
      34
      34
      27
      36
      26
      28
      29
      33
      24
      33
      28
      25
      28
      30
      29
      32
      25
      42
      35
      38
      22
      29
      32
      27
      28
      24
      26
      36
      27
      31
      26
      27
      36
      34
      26
      32
      20
      37
      19
      18
      28
      26
      24
      30
      14
      22
      35
      32
      22
      29
      19
      22
      23
      24
      26
      19
      18
      16
      19
      15
      25
      15
      13
      20
      22
      25
      16
      18
      21
      18
      22
      14
      17
      23
      26
      25
      15
      12
      15
      14
      16
      13
      17
      11
      18
      16
      20
      25
      24
      18
      19
      17
      14
      20
      17
      20
      19
      15
      18
      19
      23
      13
      18
      22
      18
      19
      27
      17
      26
      23
      22
      23
      28
      23
      18
      21
      32
      29
      25
      23
      28
      23
      30
      39
      28
      23
      27
      24
      33
      28
      24
      26
      33
      20
      27
      20
      25
      18
      26
      17
      27
      18
      21
      19
      22
      18
      24
      14
      20
      17
      16
      18
      18
      19
      17
      25
      15
      14
      15
      20
      21
      17
       9
      15
      16
      18
      13
      18
      17
      14
      11
      16
      15
      13
      17
       9
      13
      10
      15
       5
       7
       8
      16
       9
      11
       9
      14
      11
      12
      14
       9
       9
      12
       6
      11
       7
      13
       5
       7
       5
      13
      11
       7
       7
       6
       7
       7
       6
       7
       8
       7
       9
       4
       5
       4
       6
      10
       6
       6
       7
       7
      10
      16
       9
       4
       9
       8
       5
       9
       6
       5
      12
       2
       3
       5
       6
       9
       5
       6
       5
       3
       3
       6
       7
       8
       9
       5
      15
       5
       6
       6
       7
       5
       8
       6
       6
       4
       3
       4
       1
       2
       5
       4
       9
       8
       5
       3
       5
       2
       5
       5
       5
       3
       6
       3
       9
       2
       5
       5
       4
       4
       9
       5
       4
       6
       4
      10
       3
       5
       4
       7
       2
       5
       5
       8
       4
       4
       4
       1
       5
       8
       2
       5
       5
       3
       5
       6
       6
       4
       6
       3
       4
       2
       3
       6
       8
       4
       3
       9
       2
       9
       1
       5
       3
       3
       4
       4
       6
       5
       6
       3
       5
       3
       2
       2
       5
       4
       3
       3
       6
       3
       4
       3
       1
       2
       3
       5
       2
       5
       5
       5
       4
       3
       2
       2
       0
       3
       6
       2
       2
       6
       2
       4
       6
       3
       5
       5
       3
       1
       4
       0
       4
       1
       5
       4
       4
       5
       3
       2
       7
       1
       2
       4
       3
       2
       2
       1
       4
       6
       2
       2
       3
       5
       3
       4
       2
       6
       5
       2
       0
       1
       5
       4
       6
       4
       5
       5
       5
       4
       2
       2
       2
       5
       6
       1
       4
       4
       5
       4
       3
       2
       1
      11
       2
       7
       1
       2
       1
       1
       4
       4
       3
       1
       4
       1
       1
       1
       7
       4
       5
       1
       3
       4
       2
       2
       5
       2
       3
       2
       1
       2
       1
       2
       4
       2
       5
       2
       2
       0
       3
       2
       2
       2
       4
       3
       2
       1
       2
       4
       2
       2
       1
       0
       1
       1
       5
       2
       2
       2
       1
       1
       2
       1
       2
       1
       2
       1
       5
       3
       1
       1
       1
       1
       2
       0
       2
       0
       2
       0
       1
       2
       1
       1
       1
       3
       2
       0
       1
       1
       0
       1
       1
       1
       1
       0
       0
       1
       0
       0
       1
       1
       1
       1
       0
       1
       0
       0
       0
       2
       0
       0
       0
       2
       0
       0
       0
       0
       1
       3
       0
       0
       0
       0
       0
       0
       1
       0
       0
       0
       0
       0
       0
       0
       0
       0
       1
       0
       0
       0
       0
       0
       1
       1
       0
       2
       0
       0
       1
       0
       0
       2
       1
       0
       0
       2
       1
       2
       1
       0
       0
       0
       2
       1
       0
       0
       1
       0
       2
       1
       1
       1
       0
       2
       0
       0
       0
       0
       0
       0
       0
       0
       0
       0
       0
       0
       0
       0
       0
       0
       0
       0
       0
       0
       0
       0
       0
       0
       0
       0
       0
       0
       0
       0
       0
       0
       0
       0
       0
       0
$ROI:
0
$PRESETS:
Live Time
1200
0
$ENER_FIT:
47.423248 1.595783
$MCA_CAL:
3
4.742325E+001 1.595783E+000 1.708513E-003 keV
$SHAPE_CAL:
3
0.000000E+000 0.000000E+000 0.000000E+000
