$SPEC_ID:
none
$SPEC_REM:
DET# 1
DETDESC# Donnie Sheehan III - Easy-MCA-2k SN 14163589
AP# Maestro Version 7.01
$DATE_MEA:
04/19/2023 14:37:42
$MEAS_TIM:
1200 1200
$DATA:
0 1023
       0
       0
       7
      78
      64
      52
      44
      47
      44
      47
      46
      45
      48
      65
      53
      75
      68
      68
      73
      66
      68
      84
      75
      79
      77
      76
      80
      77
     102
     107
     104
      96
     107
     126
     130
     168
     208
     262
     271
     255
     258
     284
     263
     247
     255
     244
     221
     226
     229
     229
     198
     220
     177
     202
     206
     211
     217
     226
     183
     182
     206
     198
     235
     212
     190
     202
     231
     207
     196
     221
     204
     228
     207
     243
     228
     245
     199
     226
     224
     189
     218
     220
     246
     229
     240
     255
     284
     262
     265
     286
     264
     250
     244
     251
     233
     208
     189
     188
     196
     173
     171
     173
     151
     169
     152
     168
     154
     146
     143
     153
     130
     124
     133
     132
     130
     138
     120
     118
     107
     127
     126
     107
     131
      94
     103
     128
     113
      97
     103
     102
     105
      99
     117
      92
     107
     119
      99
      88
     105
     105
      83
      84
      84
      89
      84
      94
      89
      96
      78
      99
      94
      88
      79
      91
      93
      75
      81
      92
      75
      70
      83
      83
      83
      80
      87
      72
      86
      80
      78
      67
      71
      68
      67
      77
      72
      76
      77
      61
      72
      75
      66
      73
      51
      71
      54
      51
      49
      55
      52
      57
      72
      61
      59
      72
      66
      61
      65
      80
      76
      57
      56
      49
      52
      54
      50
      55
      57
      41
      61
      62
      68
      47
      64
      55
      60
      68
      65
      68
      70
      66
      63
      62
      58
      67
      57
      50
      62
      66
      61
      66
      50
      63
      69
      54
      72
      62
      57
      53
      50
      61
      58
      70
      61
      52
      74
      51
      50
      61
      60
      49
      54
      54
      55
      60
      65
      67
      54
      59
      64
      67
      55
      55
      58
      50
      51
      50
      53
      57
      61
      59
      61
      53
      45
      53
      52
      50
      50
      61
      36
      41
      49
      36
      50
      49
      37
      42
      42
      49
      48
      25
      40
      46
      34
      42
      49
      48
      41
      41
      48
      38
      42
      35
      29
      40
      34
      30
      32
      27
      35
      39
      43
      36
      31
      36
      31
      36
      26
      26
      26
      33
      35
      24
      30
      24
      26
      45
      30
      31
      31
      47
      28
      35
      22
      34
      28
      31
      23
      29
      37
      38
      36
      33
      36
      26
      39
      26
      36
      29
      23
      37
      25
      31
      27
      47
      29
      40
      33
      25
      36
      31
      33
      30
      27
      26
      32
      41
      31
      27
      25
      34
      35
      33
      36
      33
      35
      29
      27
      33
      28
      33
      34
      37
      28
      29
      30
      35
      34
      35
      37
      30
      32
      25
      30
      29
      40
      37
      40
      35
      25
      25
      34
      40
      17
      38
      32
      29
      27
      29
      27
      26
      35
      21
      30
      31
      27
      26
      31
      26
      25
      29
      23
      21
      26
      26
      25
      27
      32
      22
      28
      28
      31
      25
      25
      29
      23
      36
      31
      27
      23
      28
      19
      23
      26
      27
      31
      20
      28
      22
      30
      25
      20
      29
      20
      29
      28
      23
      18
      19
      15
      18
      22
      19
      11
      17
      18
      16
      23
      26
      11
       8
      16
      22
      17
      15
      20
      20
      22
      18
      24
      12
      17
      19
       9
      12
      13
      21
      15
      14
      13
      15
      18
      26
      21
      18
      14
      14
      15
      14
      18
      23
      16
      20
      12
      20
      15
      16
      18
      20
      19
      14
      26
      25
      23
      22
      16
      28
      27
      29
      24
      25
      21
      20
      19
      34
      26
      18
      23
      27
      17
      27
      30
      18
      27
      15
      21
      26
      25
      18
      26
      16
      19
      17
      21
      18
      21
      14
      23
      16
      19
      19
      20
      13
      13
      16
      22
      17
      21
      16
       8
      18
      20
      12
      11
      16
      11
      18
      11
       4
      15
      18
       9
      14
      14
      13
      13
      15
      13
      14
      12
      18
      14
      13
      13
      13
       7
      10
       8
       8
      12
      13
      14
      10
       7
       8
       7
       9
      10
       9
       9
       8
      11
      15
       7
       6
       3
       6
       6
       9
       5
       5
       5
       9
       8
      11
      10
       5
       7
       6
       7
       5
       5
       2
      11
       5
      11
       3
       7
       7
       7
      11
       1
       6
       6
       9
       8
       7
       3
       8
       5
       7
       5
       4
       6
       6
       2
       3
       5
       5
       8
       8
       4
       6
       5
       6
       7
      10
       6
       4
       2
       4
       7
       3
       7
       5
       6
       4
       5
       5
       3
       3
       3
       7
       4
       7
       4
       4
       3
       8
       2
       4
       3
       4
       6
       4
       3
       8
       3
       6
       7
       6
       7
       6
       2
       2
       6
       6
       6
       1
       7
       6
       0
       4
       7
       6
       6
       3
       5
       4
       1
       6
       5
       1
       2
       4
       7
       3
       3
       4
       4
       6
       7
       4
       5
       2
       3
       3
       8
       7
       6
       3
       7
       4
       3
       4
       7
       4
       5
       8
       7
       5
      11
       1
       9
       2
       2
       2
       6
       6
       4
       1
       2
       3
       3
       1
       2
       2
       3
       3
       6
       1
       0
       2
       5
       3
       4
       3
       3
       2
       2
       2
       1
       4
       1
       3
       5
       1
       5
       5
       4
       1
       0
       2
       3
       1
       3
       4
       0
       2
       1
       2
       3
       5
       3
       5
       9
       6
       3
       3
       2
       2
       4
       4
       6
       3
       4
       6
       2
       5
       3
       5
       2
       3
       3
       2
       5
       4
       6
       6
       2
       6
       5
       4
       3
       4
       4
       5
       6
       3
       3
       4
       3
       4
       3
       2
       1
       3
       0
       4
       1
       4
       4
       7
       3
       4
       2
       1
       2
       1
       1
       3
       4
       4
       2
       7
       3
       2
       1
       3
       2
       0
       2
       2
       3
       0
       4
       2
       1
       2
       4
       1
       2
       0
       2
       3
       3
       2
       1
       1
       2
       1
       2
       1
       3
       2
       6
       0
       2
       2
       4
       0
       1
       1
       0
       0
       1
       1
       2
       1
       2
       1
       0
       0
       1
       1
       1
       0
       1
       0
       1
       3
       1
       0
       0
       3
       1
       1
       1
       0
       1
       0
       0
       1
       0
       1
       0
       0
       2
       0
       1
       1
       1
       1
       1
       0
       2
       0
       0
       1
       0
       1
       2
       0
       3
       1
       1
       0
       0
       2
       1
       1
       2
       1
       0
       0
       2
       0
       0
       0
       0
       0
       0
       0
       0
       0
       0
       0
       1
       0
       0
       1
       0
       1
       0
       2
       0
       1
       0
       1
       0
       1
       1
       0
       0
       0
       0
       0
       0
       1
       0
       0
       0
       0
       0
       0
       0
       0
       0
       0
       0
       0
       0
       0
       0
       0
       0
       0
       0
       0
       0
       0
       0
       0
       0
       0
       0
       0
       0
       0
       0
       0
       0
       0
       0
       0
$ROI:
0
$PRESETS:
Live Time
1200
0
$ENER_FIT:
47.423248 1.595783
$MCA_CAL:
3
4.742325E+001 1.595783E+000 1.708513E-003 keV
$SHAPE_CAL:
3
0.000000E+000 0.000000E+000 0.000000E+000
