$SPEC_ID:
none
$SPEC_REM:
DET# 1
DETDESC# Donnie Sheehan III - Easy-MCA-2k SN 14163589
AP# Maestro Version 7.01
$DATE_MEA:
04/19/2023 14:17:17
$MEAS_TIM:
1200 1200
$DATA:
0 1023
       0
       0
       7
     107
      58
      66
      60
      56
      66
      54
      48
      62
      79
      71
      96
     113
     102
      92
      94
      92
      83
      78
      99
      90
      87
     108
     115
     112
     121
     140
     128
     160
     185
     222
     209
     284
     313
     383
     394
     447
     435
     448
     472
     396
     429
     412
     334
     358
     362
     326
     320
     344
     339
     305
     342
     317
     313
     330
     331
     325
     328
     353
     332
     348
     357
     386
     406
     380
     375
     368
     372
     355
     365
     395
     378
     386
     368
     391
     379
     370
     396
     395
     376
     378
     420
     432
     396
     440
     481
     447
     445
     542
     451
     526
     497
     511
     533
     609
     577
     538
     510
     526
     496
     415
     433
     353
     334
     322
     282
     269
     253
     233
     217
     197
     173
     144
     169
     182
     133
     156
     154
     148
     151
     144
     137
     113
     108
     135
     134
     109
     113
     100
      96
     101
     108
     116
     101
      86
      92
      86
     111
      77
      83
      95
     112
      95
      97
      84
      89
     101
      79
     103
      92
      85
      78
      87
      73
      83
      86
      80
      91
      78
      73
      79
      73
      77
      78
      90
      79
      62
      51
      79
      84
      58
      67
      65
      67
      73
      71
      63
      67
      69
      57
      55
      55
      46
      69
      72
      58
      64
      64
      60
      55
      75
      65
      59
      61
      43
      62
      59
      57
      62
      60
      63
      52
      55
      64
      59
      59
      42
      63
      60
      49
      59
      61
      50
      55
      53
      64
      68
      56
      70
      70
      57
      54
      51
      54
      67
      49
      72
      65
      59
      60
      68
      60
      58
      49
      53
      65
      54
      71
      51
      58
      72
      47
      57
      57
      65
      52
      62
      56
      56
      56
      53
      67
      47
      63
      48
      53
      59
      70
      48
      52
      58
      67
      51
      60
      60
      44
      65
      53
      53
      58
      41
      41
      61
      44
      42
      58
      48
      44
      51
      51
      39
      37
      47
      43
      52
      51
      51
      31
      42
      46
      48
      44
      38
      46
      37
      43
      29
      34
      37
      47
      39
      34
      38
      47
      42
      44
      36
      27
      37
      33
      39
      34
      37
      31
      45
      44
      29
      30
      30
      24
      30
      37
      37
      36
      32
      36
      38
      37
      26
      19
      37
      36
      26
      35
      23
      39
      45
      25
      31
      33
      28
      22
      24
      23
      29
      30
      31
      35
      31
      30
      31
      33
      24
      30
      43
      32
      39
      33
      29
      26
      26
      30
      41
      33
      30
      26
      22
      24
      39
      28
      35
      29
      41
      25
      23
      26
      39
      31
      23
      22
      22
      29
      31
      26
      38
      21
      27
      39
      28
      33
      29
      31
      27
      37
      25
      31
      26
      37
      29
      25
      27
      28
      40
      32
      24
      27
      30
      26
      41
      36
      32
      25
      34
      30
      30
      34
      28
      28
      31
      32
      23
      37
      29
      32
      33
      26
      28
      20
      26
      31
      22
      31
      29
      24
      26
      36
      34
      22
      24
      28
      17
      31
      19
      24
      22
      21
      32
      17
      26
      24
      13
      21
      28
      16
      25
      21
      16
      23
      12
      18
      20
      12
      24
      15
      19
      12
      16
      15
      16
      15
      14
      13
      17
      14
      19
      15
      18
      21
      13
      19
      16
      19
      19
      15
      15
      17
      22
      24
      16
      25
      24
      17
      15
      16
      17
      12
      21
      21
      15
      15
      19
      15
      30
      16
      19
      29
      19
      20
      15
      17
      16
      24
      23
      25
      18
      26
      23
      20
      30
      30
      18
      23
      24
      20
      21
      25
      19
      32
      17
      29
      21
      31
      20
      22
      22
      20
      27
      27
      26
      27
      22
      20
      34
      20
      16
      27
      15
      16
      22
      14
      13
      17
      20
      20
      21
      18
      20
      19
      17
      16
       9
      24
      16
       9
      13
      22
      12
       8
      14
      21
      14
       9
      14
       8
      21
      12
      11
      14
      18
      11
      11
      12
       9
      15
      13
      14
      10
      13
      13
       9
      11
      10
       3
       7
       7
      11
       6
       8
      17
      10
       4
       6
       9
       6
       9
       8
       5
      15
      10
       6
       7
       9
       6
       2
       4
      11
       8
       7
       7
      12
       5
       6
       8
       8
       9
       7
       6
       6
       5
       3
       5
       5
       8
       4
       6
       3
       5
       4
       6
       2
       4
      15
      10
       8
       6
       5
       5
       5
       5
       6
       6
       2
       8
       7
       8
       7
       6
       2
       4
       4
       4
       6
       6
       3
       3
       1
       4
       1
       8
       4
       9
       5
       5
       7
       4
       6
       4
       6
       5
       2
       2
       5
       6
       7
       4
       3
       5
       4
       6
       5
       3
       6
       6
       4
       4
       6
       5
       6
       6
       6
       4
       1
       4
       3
       3
       4
       8
       8
       7
       3
       3
       5
       4
       5
       0
       7
      10
       3
       2
       5
       2
       4
       6
       7
       6
       4
       4
       2
       7
       5
       9
       4
       2
       2
       3
       0
       6
       5
       9
       2
       5
       2
       3
       3
       5
       3
       2
       0
       6
       7
       5
       4
       2
       4
       2
       4
       0
       5
       2
       0
       7
       1
       3
       5
       3
       6
       2
       5
       4
       4
       2
       3
       4
       0
       4
       2
       4
       3
       2
       3
       2
       4
       2
       2
       1
       2
       4
       1
       4
       2
       1
       5
       2
       4
       5
       3
       2
       1
       3
      12
       3
       5
       7
       3
       2
       2
       5
       5
       4
       2
       3
      12
       4
       1
       5
       1
       6
       6
       7
       2
       5
       3
       3
       2
       3
       7
       5
       2
       7
       3
       5
       2
       7
       2
       2
       2
       3
       5
       4
       3
       5
       6
       6
       2
       2
       2
       4
       1
       0
       2
       3
       0
       3
       6
       4
       3
       1
       0
       2
       0
       1
       0
       5
       4
       2
       2
       3
       2
       1
       1
       1
       0
       4
       1
       2
       3
       4
       0
       2
       2
       2
       2
       0
       1
       1
       2
       5
       2
       1
       1
       0
       2
       2
       1
       1
       1
       2
       0
       2
       2
       0
       1
       2
       3
       0
       1
       1
       3
       0
       0
       1
       0
       0
       2
       0
       0
       0
       2
       3
       1
       1
       0
       0
       0
       0
       1
       2
       1
       0
       0
       2
       1
       2
       0
       0
       1
       0
       1
       1
       1
       0
       0
       0
       1
       1
       0
       0
       2
       2
       0
       1
       0
       0
       1
       0
       1
       0
       0
       0
       2
       0
       1
       1
       0
       0
       0
       0
       1
       1
       0
       0
       1
       0
       1
       0
       0
       0
       1
       2
       0
       0
       0
       1
       0
       0
       1
       0
       0
       0
       0
       0
       0
       0
       0
       0
       0
       0
       0
       0
       0
       0
       0
       0
       0
       0
       0
       0
       0
       0
       0
       0
       0
       0
       0
       0
       0
       0
       0
       0
       0
       0
$ROI:
0
$PRESETS:
Live Time
1200
0
$ENER_FIT:
47.423248 1.595783
$MCA_CAL:
3
4.742325E+001 1.595783E+000 1.708513E-003 keV
$SHAPE_CAL:
3
0.000000E+000 0.000000E+000 0.000000E+000
