$SPEC_ID:
none
$SPEC_REM:
DET# 1
DETDESC# Donnie Sheehan III - Easy-MCA-2k SN 14163589
AP# Maestro Version 7.01
$DATE_MEA:
04/05/2023 14:43:41
$MEAS_TIM:
900 901
$DATA:
0 1023
       0
       0
      17
     429
     363
     371
     358
     384
     363
     413
     388
     382
     407
     458
     536
     559
     541
     557
     491
     527
     554
     586
     598
     629
     601
     565
     581
     565
     595
     605
     654
     732
     872
    1050
    1352
    1756
    1990
    2199
    2194
    1918
    1806
    1675
    1524
    1337
    1152
    1025
     882
     826
     850
     761
     803
     777
     872
     816
     868
     823
     772
     859
     850
     809
     883
     813
     802
     839
     815
     856
     811
     818
     816
     838
     854
     828
     826
     848
     856
     871
     913
     859
     938
     901
     963
     944
     939
    1017
     981
    1047
    1042
    1092
    1087
    1126
    1089
    1077
    1068
    1149
    1131
    1143
    1109
    1084
    1045
    1024
    1063
    1061
    1010
    1044
     975
    1020
     958
     984
    1009
     964
     876
     912
     943
     994
     897
     926
     888
     858
     927
     903
     927
     871
     864
     866
     910
     891
     881
     837
     903
     874
     930
     890
     875
     894
     848
     850
     915
     866
     870
     815
     814
     835
     850
     885
     859
     887
     857
     854
     944
     890
     852
     859
     886
     892
     896
     853
     826
     839
     803
     867
     811
     835
     897
     909
     827
     837
     857
     859
     852
     835
     830
     819
     864
     786
     831
     835
     845
     852
     854
     797
     774
     778
     772
     763
     773
     702
     690
     702
     625
     700
     664
     656
     626
     605
     660
     640
     587
     525
     588
     600
     578
     522
     560
     582
     568
     541
     559
     573
     558
     559
     575
     599
     588
     547
     550
     635
     599
     584
     615
     640
     631
     611
     655
     652
     642
     676
     720
     746
     708
     716
     714
     758
     741
     733
     754
     805
     801
     835
     909
     947
     957
    1000
    1114
    1158
    1224
    1304
    1441
    1489
    1614
    1640
    1804
    1826
    1928
    1935
    1935
    2024
    1966
    1866
    1912
    1775
    1724
    1624
    1544
    1490
    1307
    1243
    1096
    1017
     953
     830
     765
     707
     634
     584
     526
     501
     490
     394
     394
     336
     311
     276
     248
     276
     228
     213
     212
     138
     147
     143
      97
     100
     112
      91
      86
      74
      68
      64
      53
      53
      44
      48
      42
      32
      35
      30
      28
      25
      36
      29
      38
      30
      25
      22
      33
      29
      35
      32
      31
      29
      23
      29
      29
      28
      24
      27
      30
      30
      34
      20
      20
      22
      23
      30
      29
      27
      16
      20
      24
      27
      31
      35
      35
      29
      28
      24
      33
      25
      31
      19
      22
      26
      37
      22
      25
      21
      27
      35
      30
      24
      20
      32
      31
      16
      39
      20
      27
      31
      27
      24
      24
      38
      14
      19
      31
      24
      38
      24
      30
      19
      21
      24
      26
      25
      17
      30
      22
      24
      21
      25
      28
      26
      27
      31
      23
      30
      19
      26
      27
      25
      20
      28
      21
      24
      26
      23
      19
      26
      20
      26
      16
      22
      23
      29
      30
      31
      19
      23
      18
      19
      24
      23
      19
      19
      20
      23
      15
      21
      23
      17
      15
      11
      17
      21
      24
      18
      18
      20
      17
      24
      18
      13
      20
      10
      14
      19
      14
      21
      16
      16
      21
      22
      19
      16
      19
      13
      16
      21
      14
      24
      11
      18
      14
       9
      19
      13
       7
      11
      16
      22
      21
       7
      14
      15
      16
      15
      11
      12
      12
      20
       4
       8
      13
       7
      16
      21
      12
      16
      18
      17
      24
      23
      18
      18
      34
      24
      18
      14
      24
      19
      16
      20
      23
      20
      12
      15
      24
      14
      23
      24
      24
      17
      25
      22
      17
      18
      24
      18
      20
      11
      14
      32
      19
      15
      17
      15
      13
      22
      13
      16
      19
      19
      16
      17
      16
      15
      17
      13
      11
      13
      14
      12
       7
       9
      17
      12
      20
      10
      14
       9
      11
       7
       7
       7
      11
       7
      14
       8
      10
       8
       5
       9
       5
       9
       8
       9
       4
      10
       3
       6
      11
      14
       2
       9
       5
       6
       4
       5
       3
       6
       3
       6
       9
       4
       9
       8
       7
       6
       4
       9
       2
      13
       4
       1
       7
       7
       7
       6
       5
       4
       6
       5
      10
       9
       2
       6
       2
       4
       5
       6
       8
       5
       4
       8
       2
       5
       3
       6
       4
       7
       8
       2
       3
       5
       8
       3
       2
       2
       4
       6
       6
       4
       2
       1
       6
       6
       6
       6
       7
       2
       5
       6
       4
       4
       4
       2
       6
       5
       3
       2
       1
       5
       5
       8
       2
       7
       6
       3
       3
       9
       8
       4
       4
       3
       3
       1
       2
       2
       4
       3
       3
       1
       3
       2
       2
       5
       3
       2
       1
       5
       4
       4
       4
       6
       3
       3
       5
       3
       5
       4
       4
       4
       3
       3
       4
       1
       4
       5
       3
       6
       3
       1
       4
       2
       2
       9
       4
       1
       4
       1
       4
       2
       6
       5
       2
       1
       2
       3
       5
       2
       2
       3
       4
       3
       2
       1
       1
       2
       4
       2
       1
       2
       2
       1
       4
       3
       2
       4
       4
       3
       2
       5
       4
       0
       2
       3
       0
       3
       5
       0
       4
       2
       2
       0
       1
       2
       2
       0
       2
       2
       2
       5
       4
       1
       2
       4
       4
       3
       7
       2
       1
       4
       2
       1
       5
       3
       1
       0
       3
       0
       2
       0
       3
       3
       1
       4
       3
       3
       2
       3
       4
       4
       6
       0
       2
       4
       3
       0
       5
       3
       0
       1
       4
       2
       1
       4
       2
       1
       3
       1
       1
       1
       0
       3
       2
       0
       2
       1
       1
       0
       0
       2
       1
       1
       3
       2
       2
       1
       1
       1
       4
       1
       5
       0
       2
       2
       0
       1
       1
       4
       3
       0
       1
       2
       1
       1
       2
       1
       0
       1
       1
       1
       2
       1
       3
       0
       1
       1
       0
       1
       1
       1
       2
       1
       1
       2
       0
       0
       1
       0
       1
       0
       1
       0
       1
       1
       1
       1
       0
       1
       2
       0
       0
       1
       0
       1
       1
       2
       0
       1
       0
       0
       0
       0
       1
       1
       0
       0
       1
       1
       1
       0
       0
       1
       0
       1
       0
       1
       1
       0
       1
       0
       0
       0
       1
       1
       1
       0
       0
       1
       0
       0
       0
       0
       0
       0
       1
       0
       0
       0
       2
       1
       0
       0
       0
       0
       1
       0
       0
       0
       0
       1
       0
       0
       3
       0
       0
       0
       0
       1
       0
       1
       0
       0
       0
       0
       0
       1
       1
       0
       0
       0
       0
       0
       0
       1
       0
       0
       0
       1
       1
       1
       0
       0
       0
       0
       0
       0
       0
       1
       0
       1
       0
       1
       0
       0
       1
       1
       0
       0
       0
       0
       0
       0
       0
       0
       0
       0
       0
       0
       0
       0
       0
       0
       0
       0
       0
       0
       0
       0
       0
       0
       0
       0
       0
       0
       0
       0
       0
       0
       0
       0
       0
       0
$ROI:
0
$PRESETS:
Live Time
900
0
$ENER_FIT:
47.423248 1.595783
$MCA_CAL:
3
4.742325E+001 1.595783E+000 1.708513E-003 keV
$SHAPE_CAL:
3
0.000000E+000 0.000000E+000 0.000000E+000
