$SPEC_ID:
none
$SPEC_REM:
DET# 1
DETDESC# Donnie Sheehan III - Easy-MCA-2k SN 14163589
AP# Maestro Version 7.01
$DATE_MEA:
04/05/2023 14:59:40
$MEAS_TIM:
900 901
$DATA:
0 1023
       0
       0
      22
     421
     297
     303
     329
     323
     297
     310
     313
     325
     376
     395
     442
     440
     435
     412
     430
     415
     438
     500
     548
     482
     548
     528
     493
     478
     484
     496
     564
     620
     676
     946
    1135
    1449
    1835
    1997
    1928
    1765
    1605
    1436
    1294
    1092
     934
     817
     701
     647
     576
     610
     579
     557
     554
     560
     582
     604
     584
     595
     625
     603
     640
     631
     661
     607
     604
     624
     659
     629
     633
     612
     654
     657
     677
     667
     686
     678
     675
     707
     692
     750
     757
     794
     822
     854
     852
     870
     851
     939
     874
     940
     937
     959
     941
     962
     955
     913
     859
     919
     923
     902
     850
     893
     802
     840
     896
     800
     863
     819
     848
     795
     810
     760
     772
     762
     787
     789
     726
     833
     760
     756
     705
     743
     730
     769
     713
     744
     747
     736
     749
     757
     775
     731
     686
     683
     739
     726
     773
     709
     655
     742
     767
     750
     771
     659
     721
     737
     747
     766
     739
     788
     693
     756
     722
     748
     751
     760
     688
     707
     703
     750
     716
     741
     756
     771
     746
     759
     702
     783
     770
     736
     706
     766
     743
     758
     739
     760
     777
     689
     754
     737
     696
     710
     723
     704
     669
     674
     639
     651
     625
     600
     616
     565
     582
     552
     584
     576
     533
     538
     530
     512
     513
     530
     527
     535
     485
     537
     514
     472
     471
     489
     435
     497
     471
     462
     454
     454
     450
     494
     477
     473
     479
     443
     419
     455
     467
     457
     446
     435
     443
     440
     456
     459
     397
     417
     455
     440
     495
     479
     488
     535
     547
     601
     683
     755
     801
     864
    1017
    1085
    1190
    1221
    1373
    1470
    1590
    1747
    1728
    1737
    1791
    1819
    1695
    1756
    1569
    1622
    1458
    1496
    1248
    1276
    1140
    1018
     916
     832
     815
     741
     667
     593
     567
     509
     467
     432
     395
     362
     331
     304
     277
     249
     218
     196
     199
     186
     151
     140
     132
     109
      94
     102
      86
      67
      79
      60
      66
      49
      48
      47
      48
      40
      46
      51
      33
      30
      34
      30
      35
      32
      24
      24
      37
      34
      26
      33
      29
      26
      33
      27
      29
      29
      18
      31
      33
      31
      23
      23
      31
      27
      20
      26
      24
      26
      29
      26
      28
      22
      31
      28
      22
      25
      28
      31
      34
      37
      27
      27
      25
      38
      26
      31
      24
      28
      25
      25
      34
      25
      28
      28
      27
      29
      32
      23
      24
      29
      26
      32
      37
      22
      34
      32
      26
      26
      33
      30
      26
      26
      32
      27
      21
      20
      20
      24
      30
      32
      20
      18
      30
      26
      31
      33
      21
      23
      22
      23
      21
      24
      29
      27
      24
      23
      26
      29
      21
      25
      21
      20
      28
      21
      18
      26
      22
      21
      21
      24
      21
      24
      16
      29
      22
      28
      10
      15
      19
      22
      17
      21
      29
      21
      17
      19
      13
      13
      18
      17
      16
      23
      21
      20
      18
      19
      13
      16
       9
      12
      17
      18
       9
      13
      15
       8
      20
      10
      18
      17
      12
       4
      15
      27
      12
      13
      13
      12
      17
      11
      12
      11
      16
       8
      12
      14
      17
      15
      14
      16
       8
      16
      14
      16
      25
      11
      15
      14
      15
       9
      22
      21
      19
      16
      20
      19
      29
      16
      21
      15
      13
      22
      23
      17
      24
      15
      23
      18
      30
      20
      24
      22
      19
      21
      19
      22
      15
      21
      24
      18
      16
      13
      17
      15
      19
      18
      23
      16
      16
      20
      23
      10
      18
      14
      12
       9
      18
      13
      10
       9
      14
      10
      13
      12
      11
      10
      11
      11
      13
       8
      15
      16
       9
      12
      11
       7
       9
       7
      10
      11
      11
      12
      12
       7
       9
      12
       8
       7
       8
       8
       8
      10
       7
       9
       6
       6
       7
       8
       3
       5
       4
       5
       5
       5
       5
       7
       4
      11
       8
       8
       3
       6
       6
       5
       9
       5
       4
       3
       8
       8
       8
       5
       8
       8
       6
       7
       5
       4
       2
       7
       6
       8
       5
       6
       6
       7
       7
       3
       5
       4
       3
       8
       6
       5
       5
       5
       3
       7
       4
       3
       1
       3
       5
       5
       2
       2
       5
       5
       5
       6
       3
       3
       3
       5
       6
       3
       3
       0
       7
       7
       5
       2
       2
       3
       3
       0
       4
       3
       3
       6
       7
       4
      10
       5
       3
       9
       2
       3
       3
       2
       4
       2
       3
       3
       3
       6
      11
       2
       5
       4
       5
       5
       4
       6
       8
       6
       1
       4
       4
       6
       7
       6
       1
       6
       1
       4
       6
       4
       4
       5
       4
       4
       2
       3
       4
       1
       1
       4
       3
       5
       2
       6
       7
       2
       3
       1
       6
       2
       1
       3
       5
       2
       7
       2
       2
       0
       3
       2
       3
       0
       2
       0
       3
       1
       1
       6
       2
       1
       3
       7
       3
       2
       3
       2
       4
       4
       1
       3
       5
       1
       3
       3
       3
       2
       0
       2
       2
       0
       4
       4
       1
       3
       2
       4
       5
       4
       0
       2
       2
       1
       4
       3
       3
       2
       3
       0
       1
       1
       2
       4
       5
       2
       3
       3
       3
       1
       6
       1
       5
       2
       5
       2
       1
       2
       3
       2
       2
       4
       2
       4
       3
       1
       2
       0
       5
       4
       4
       3
       2
       4
       4
       4
       3
       1
       2
       2
       5
       1
       1
       1
       2
       2
       2
       2
       1
       3
       3
       0
       0
       2
       2
       1
       4
       1
       3
       3
       1
       0
       3
       3
       1
       1
       1
       3
       2
       1
       0
       0
       2
       1
       3
       2
       0
       2
       1
       0
       2
       0
       0
       1
       1
       0
       2
       4
       0
       3
       0
       1
       0
       1
       0
       0
       2
       0
       3
       0
       1
       0
       1
       1
       2
       1
       1
       3
       0
       3
       1
       0
       1
       0
       1
       0
       0
       0
       0
       1
       0
       0
       0
       0
       0
       1
       0
       1
       0
       0
       0
       1
       1
       0
       1
       0
       1
       0
       3
       0
       0
       0
       0
       0
       1
       1
       1
       0
       1
       1
       1
       0
       0
       0
       0
       0
       1
       0
       0
       0
       0
       1
       0
       1
       0
       0
       2
       1
       0
       0
       0
       0
       0
       0
       0
       1
       0
       0
       1
       0
       1
       0
       0
       0
       0
       0
       0
       0
       0
       0
       1
       0
       0
       0
       0
       0
       0
       2
       1
       1
       0
       0
       2
       2
       0
       1
       0
       0
       0
       1
       0
       0
       0
       0
       2
       1
       0
       0
       0
       0
       0
       0
       0
       0
       0
       0
       0
       0
       0
       0
       0
       0
       0
       0
       0
       0
       0
       0
       0
       0
       0
       0
       0
       0
       0
       0
       0
       0
       0
       0
$ROI:
0
$PRESETS:
Live Time
900
0
$ENER_FIT:
47.423248 1.595783
$MCA_CAL:
3
4.742325E+001 1.595783E+000 1.708513E-003 keV
$SHAPE_CAL:
3
0.000000E+000 0.000000E+000 0.000000E+000
