$SPEC_ID:
none
$SPEC_REM:
DET# 1
DETDESC# Donnie Sheehan III - Easy-MCA-2k SN 14163589
AP# Maestro Version 7.01
$DATE_MEA:
04/17/2023 15:18:39
$MEAS_TIM:
900 900
$DATA:
0 1023
       0
       1
      10
     135
     101
     104
      91
     112
      99
     102
      93
     127
     136
     121
     152
     169
     136
     170
     129
     150
     177
     178
     184
     171
     201
     172
     173
     183
     182
     199
     245
     283
     326
     392
     488
     635
     751
     704
     718
     672
     611
     519
     450
     446
     413
     338
     379
     345
     327
     308
     309
     335
     360
     297
     329
     325
     309
     315
     325
     328
     339
     319
     285
     297
     297
     313
     291
     273
     319
     299
     299
     272
     310
     296
     303
     342
     353
     267
     300
     305
     306
     315
     315
     299
     312
     319
     287
     278
     336
     324
     306
     332
     301
     335
     321
     291
     301
     310
     310
     313
     274
     310
     274
     269
     273
     257
     273
     297
     266
     258
     268
     234
     258
     276
     262
     269
     254
     249
     281
     268
     269
     257
     238
     276
     259
     239
     260
     261
     252
     238
     248
     252
     261
     257
     262
     254
     244
     235
     237
     262
     265
     246
     238
     210
     234
     265
     240
     242
     238
     247
     230
     234
     237
     248
     219
     212
     216
     220
     255
     207
     222
     176
     229
     231
     238
     222
     198
     214
     187
     195
     206
     210
     194
     203
     170
     189
     190
     191
     162
     153
     154
     166
     199
     189
     177
     193
     180
     165
     187
     181
     155
     183
     149
     188
     190
     210
     177
     160
     212
     204
     207
     183
     179
     165
     227
     200
     218
     214
     237
     225
     225
     219
     237
     249
     275
     293
     275
     297
     309
     311
     336
     297
     371
     380
     366
     351
     363
     419
     389
     371
     405
     374
     376
     385
     360
     402
     373
     385
     398
     364
     353
     342
     319
     318
     319
     279
     289
     269
     264
     275
     268
     233
     240
     213
     172
     201
     186
     153
     168
     146
     134
     115
     112
     117
     125
      99
      94
     103
      97
      78
      72
      53
      78
      69
      50
      46
      42
      57
      39
      51
      48
      29
      51
      46
      37
      33
      30
      25
      31
      41
      39
      37
      32
      31
      36
      25
      36
      28
      27
      28
      32
      35
      28
      21
      33
      27
      28
      23
      38
      33
      32
      26
      28
      22
      32
      20
      23
      28
      31
      26
      23
      29
      31
      23
      25
      27
      21
      22
      27
      27
      25
      27
      27
      18
      25
      24
      30
      33
      25
      31
      30
      23
      31
      28
      35
      32
      27
      26
      22
      23
      28
      29
      35
      27
      45
      37
      20
      34
      23
      23
      15
      32
      23
      14
      33
      23
      25
      28
      26
      31
      22
      25
      29
      30
      22
      24
      31
      20
      31
      20
      20
      25
      25
      32
      21
      26
      25
      25
      26
      29
      38
      24
      22
      30
      22
      21
      23
      25
      25
      28
      26
      12
      19
      24
      21
      24
      24
      21
      15
      32
      23
      21
      21
      16
      20
      22
      21
      25
      20
      19
      24
      21
      19
      18
      19
      22
      14
      10
      23
      24
      18
      18
      20
      15
      22
      20
      15
      12
      19
      24
      16
      16
      17
      20
      21
      10
      20
      17
       7
      10
      12
      18
      15
      14
      14
      14
      20
      15
      13
      19
       9
      16
      12
      15
      20
      11
      15
      15
       7
      13
      11
      13
      21
      18
      14
      10
      20
       8
      10
      18
      19
      16
      20
      17
      22
      19
      23
      25
      28
      19
      29
      15
      18
      21
      17
      21
      21
      17
      20
      17
      22
      20
      18
      18
      21
      24
      18
      18
      16
      18
      21
      18
      10
      18
      20
      13
      24
      14
      12
      12
      13
      14
      17
      14
      18
       9
      14
      12
      14
      13
      14
      15
      14
       8
      17
      11
      10
      15
       3
      10
       9
      12
      15
      12
      11
       9
       9
       5
       5
       9
       7
      14
      11
       6
       9
       9
       6
      11
       5
       9
       7
       9
       6
       6
       5
       5
       6
       5
      10
       5
      13
       5
      10
       8
       4
       9
       4
       4
      10
       4
       1
       2
       5
       8
       2
       1
       4
       5
       4
      10
       7
       4
       2
       7
       4
       2
       8
       3
       5
       7
       8
       6
       9
       5
       6
       1
       4
       6
       7
       3
       1
       4
       4
       3
       4
       2
       4
       5
       6
       4
       5
       2
       4
       2
       6
       2
       3
       7
       5
       3
       1
       2
       4
       1
       6
       1
       2
       1
       8
       3
       5
       4
       2
       4
       3
       3
       2
       6
       4
       1
       3
       1
       5
       5
       2
       5
       4
       2
       4
       2
       4
       7
       3
       3
       4
       4
       6
       0
       5
       5
       4
       5
       5
       6
       6
       5
       4
       1
       8
       2
       1
       4
       3
       8
       2
       3
       2
       3
       7
       5
       3
       3
       5
       5
       2
       4
       1
       5
       6
       2
       4
       4
       3
       1
       4
       3
       4
       1
       2
       5
       3
       3
       3
       2
       2
       4
       3
       5
       0
       1
       3
       0
       5
       3
       4
       3
       3
       0
       2
       6
       2
       3
       5
       3
       0
       2
       3
       1
       3
       2
       1
       0
       2
       2
       5
       1
       2
       0
       2
       4
       1
       2
       3
       2
       3
       7
       2
       1
       2
       5
       3
       1
       3
       2
       4
       3
       3
       5
       5
       1
       3
       4
       2
       4
       2
       2
       2
       5
       3
       7
       4
       4
       4
       1
       4
       2
       3
       1
       4
       2
       3
       6
       0
       2
       4
       3
       2
       4
       2
       1
       0
       2
       4
       3
       1
       0
       2
       3
       2
       1
       0
       2
       2
       1
       5
       2
       1
       2
       4
       3
       2
       2
       1
       1
       4
       0
       2
       2
       0
       2
       1
       0
       1
       4
       0
       1
       1
       1
       0
       2
       0
       1
       1
       1
       3
       0
       3
       0
       1
       1
       1
       2
       1
       2
       1
       0
       1
       1
       0
       1
       1
       0
       3
       0
       0
       0
       1
       0
       0
       2
       0
       0
       0
       0
       0
       1
       1
       0
       0
       0
       0
       0
       0
       0
       1
       1
       0
       0
       0
       0
       0
       0
       0
       1
       0
       1
       0
       0
       0
       0
       0
       0
       1
       0
       2
       1
       0
       3
       0
       0
       0
       0
       3
       1
       0
       1
       0
       0
       0
       0
       0
       0
       0
       0
       0
       1
       0
       0
       2
       1
       0
       0
       0
       0
       1
       0
       0
       1
       0
       1
       1
       0
       0
       0
       0
       0
       1
       0
       0
       2
       0
       1
       0
       0
       1
       1
       0
       1
       0
       1
       0
       1
       0
       0
       0
       0
       1
       0
       0
       2
       1
       1
       0
       0
       3
       0
       0
       0
       0
       0
       0
       0
       0
       0
       0
       0
       0
       0
       2
       0
       0
       0
       0
       0
       0
       0
       0
       0
       0
       0
       0
       0
       0
       0
       0
       0
       0
       0
       0
       0
       0
       0
       0
       0
       0
       0
       0
       0
       0
       0
       0
       0
       0
       0
$ROI:
0
$PRESETS:
Live Time
900
0
$ENER_FIT:
47.423248 1.595783
$MCA_CAL:
3
4.742325E+001 1.595783E+000 1.708513E-003 keV
$SHAPE_CAL:
3
0.000000E+000 0.000000E+000 0.000000E+000
