$SPEC_ID:
none
$SPEC_REM:
DET# 1
DETDESC# Donnie Sheehan III - Easy-MCA-2k SN 14163589
AP# Maestro Version 7.01
$DATE_MEA:
04/17/2023 15:34:27
$MEAS_TIM:
900 900
$DATA:
0 1023
       0
       0
       6
      95
      90
      70
      74
      69
      72
      89
     106
      67
      71
     106
     112
     100
     107
      95
      96
      98
     129
     107
     124
     139
     111
     133
     127
     104
     131
     143
     168
     175
     248
     287
     433
     506
     537
     574
     509
     446
     419
     411
     350
     303
     285
     235
     214
     197
     185
     176
     196
     145
     177
     183
     173
     197
     186
     171
     205
     195
     157
     163
     201
     182
     188
     196
     197
     162
     193
     188
     181
     208
     209
     189
     205
     188
     198
     200
     195
     196
     202
     188
     191
     214
     224
     201
     224
     217
     196
     183
     212
     237
     198
     222
     229
     169
     211
     191
     192
     206
     201
     173
     173
     195
     170
     187
     160
     179
     186
     170
     154
     178
     180
     184
     186
     175
     145
     167
     182
     153
     166
     176
     146
     167
     144
     154
     146
     165
     141
     138
     177
     148
     149
     146
     161
     151
     177
     186
     160
     177
     163
     163
     168
     135
     152
     142
     154
     153
     144
     151
     133
     167
     171
     140
     172
     153
     133
     155
     156
     157
     135
     146
     153
     162
     132
     140
     133
     139
     145
     143
     119
     125
     117
     137
     143
     104
     164
     127
     127
     143
     132
     137
     127
     136
     134
     118
     147
     143
     152
     122
     139
     140
     122
     117
     131
     126
     147
     159
     138
     122
     166
     155
     141
     140
     143
     160
     146
     166
     139
     150
     156
     164
     159
     151
     151
     161
     163
     166
     177
     164
     193
     167
     154
     192
     189
     165
     186
     169
     166
     178
     203
     181
     173
     176
     192
     186
     176
     171
     154
     165
     177
     147
     161
     160
     133
     144
     130
     132
     147
     106
     118
     131
     129
     117
     101
     101
     116
     103
     101
      95
     110
      88
      74
      88
      60
      57
      65
      68
      60
      53
      53
      57
      53
      46
      46
      51
      46
      44
      50
      35
      32
      45
      38
      40
      37
      46
      31
      36
      26
      34
      37
      31
      37
      42
      21
      40
      38
      28
      37
      39
      32
      25
      30
      47
      30
      32
      22
      28
      35
      32
      30
      35
      30
      28
      33
      22
      36
      32
      19
      40
      22
      27
      16
      36
      35
      26
      27
      28
      22
      30
      29
      15
      25
      23
      21
      30
      30
      21
      23
      27
      28
      26
      29
      19
      29
      26
      17
      25
      21
      25
      22
      25
      29
      30
      30
      20
      23
      28
      22
      23
      28
      22
      21
      26
      18
      36
      31
      31
      20
      33
      22
      17
      34
      27
      26
      26
      27
      18
      32
      22
      25
      30
      22
      28
      25
      23
      23
      27
      24
      31
      20
      25
      19
      22
      33
      37
      22
      22
      19
      18
      26
      14
      13
      17
      26
      17
      22
      17
      24
      22
      25
      29
      17
      26
      18
      17
      19
      20
      21
      26
      24
      24
      19
      27
      19
      23
      20
      23
      21
      13
      20
      18
      17
       8
      11
      12
      16
      16
      14
      22
      14
      15
      17
      20
      14
      17
      20
      16
      18
      11
      18
      16
      20
      15
      10
      11
      17
      15
      11
       8
      11
       6
       9
      11
      17
      12
      14
      16
      19
      11
      23
      16
      11
      13
      14
      14
      16
       9
      15
      17
      18
      18
      26
      21
      15
      14
      23
      20
      10
      24
      20
      15
      22
      25
      22
      19
      23
      15
      24
      21
      15
      19
      22
      14
      28
      25
      20
      15
      17
      20
      14
      22
      24
      17
      14
      17
      19
      17
      12
      14
      17
      11
       8
       8
      15
      10
      17
      10
      14
      15
       7
      12
       4
      13
      10
      14
      14
       8
       9
       8
      18
       6
       7
      10
       7
       6
      11
      16
      13
       7
      20
      10
       8
      10
       6
       5
       9
       4
       5
       7
       2
      13
       4
       3
       4
      13
       5
       5
       5
       5
       8
       5
       5
       4
       7
       9
       5
       9
       5
       6
       6
       9
       5
       5
       8
       9
       7
       7
       9
       4
       9
       7
       4
       5
       5
       5
       8
       8
      13
       3
       4
       5
       5
       6
       5
       2
       2
       9
       1
       1
       4
       2
       8
       4
       6
       5
       5
       8
       4
       2
       4
       6
       4
       4
       6
       3
       3
       3
       0
       3
       3
       5
       4
      11
       1
       0
       7
       5
       5
       6
       4
       3
       3
       3
       4
       5
       4
       1
       1
       5
       4
       8
       2
       4
       1
       6
       0
       4
       0
       2
       5
       4
       4
       6
       1
       3
       3
       2
       4
       4
       5
       0
       2
       5
       3
       3
       5
       7
       2
       4
       1
       5
       6
       2
       3
       4
       3
       4
       4
       4
       6
       3
       4
       3
       4
       1
       3
       3
       3
       1
       7
       4
       1
       3
       4
       4
       3
       2
       4
       0
       1
       3
       5
       3
       4
       4
       3
       4
       1
       2
       2
       0
       3
       2
       1
       2
       2
       6
       2
       1
       5
       1
       2
       1
       3
       2
       4
       3
       1
       2
       2
       1
       0
       2
       5
       2
       6
       0
       1
       0
       3
       2
       2
       6
       3
       2
       3
       1
       3
       3
       4
       2
       6
       3
       0
       2
       2
       5
       3
       1
       5
       2
       3
       6
       4
       5
       2
       1
       5
       4
       4
       5
       5
       0
       5
       5
       6
       1
       2
       2
       2
       2
       4
       4
       4
       1
       4
       2
       1
       2
       3
       1
       3
       1
       3
       2
       1
       2
       0
       1
       3
       4
       1
       2
       3
       2
       1
       2
       2
       1
       0
       3
       2
       0
       1
       1
       3
       1
       1
       1
       1
       1
       1
       0
       0
       2
       0
       2
       0
       0
       2
       1
       0
       0
       2
       3
       1
       0
       2
       0
       1
       1
       2
       1
       1
       1
       1
       0
       1
       2
       0
       0
       2
       0
       1
       0
       1
       0
       0
       0
       0
       0
       1
       1
       4
       0
       0
       0
       2
       0
       0
       3
       1
       0
       1
       0
       0
       0
       0
       1
       0
       0
       0
       0
       0
       0
       0
       2
       1
       2
       0
       1
       1
       1
       1
       0
       0
       1
       0
       0
       0
       1
       0
       2
       0
       0
       0
       0
       1
       0
       1
       1
       0
       0
       0
       0
       0
       1
       1
       0
       0
       0
       1
       0
       1
       0
       0
       0
       1
       2
       0
       0
       0
       1
       0
       1
       0
       0
       1
       0
       1
       0
       0
       0
       0
       0
       0
       0
       0
       0
       1
       1
       0
       0
       0
       0
       0
       0
       0
       1
       1
       0
       0
       0
       1
       1
       0
       0
       1
       0
       1
       2
       0
       0
       1
       0
       0
       1
       1
       0
       0
       0
       0
       0
       0
       0
       0
       0
       0
       0
       0
       0
       0
       0
       0
       0
       0
       0
       0
       0
       0
       0
       0
       0
       0
       0
       0
       0
       0
       0
       0
       0
       0
       0
$ROI:
0
$PRESETS:
Live Time
900
0
$ENER_FIT:
47.423248 1.595783
$MCA_CAL:
3
4.742325E+001 1.595783E+000 1.708513E-003 keV
$SHAPE_CAL:
3
0.000000E+000 0.000000E+000 0.000000E+000
