$SPEC_ID:
none
$SPEC_REM:
DET# 1
DETDESC# Donnie Sheehan III - Easy-MCA-2k SN 14163589
AP# Maestro Version 7.01
$DATE_MEA:
04/12/2023 14:56:38
$MEAS_TIM:
1200 1200
$DATA:
0 1023
       0
       0
       7
      88
      65
      52
      40
      57
      53
      53
      51
      67
      61
      62
      69
      82
      87
      74
      56
      76
      74
      65
      76
      84
     102
      92
      99
      78
      87
      97
     105
     106
     109
     116
     128
     151
     208
     230
     231
     275
     305
     305
     291
     277
     251
     254
     244
     196
     183
     172
     185
     174
     178
     177
     177
     163
     163
     159
     155
     172
     147
     169
     145
     176
     159
     184
     160
     155
     177
     178
     157
     145
     151
     176
     163
     139
     177
     162
     165
     146
     160
     163
     158
     163
     178
     143
     144
     147
     160
     163
     188
     157
     168
     190
     165
     157
     186
     172
     142
     134
     146
     143
     150
     158
     143
     156
     129
     133
     122
     134
     137
     137
     125
     133
     121
     137
     137
     129
     124
     131
     136
     107
     135
     118
     119
     115
     114
     124
     128
     106
     104
     112
     129
     102
     131
     118
     101
     116
     113
      95
     104
     110
     118
     114
     120
     116
      99
     118
      96
     111
     120
      96
     105
     111
     109
     108
      93
     117
     109
     113
     100
     106
     117
      93
      87
      88
     104
     103
     101
      80
      93
     107
     107
     101
      91
      84
      93
     103
      94
     105
      95
      84
      93
      73
      74
      74
      86
      70
      82
      78
      73
      83
      80
      81
      72
      77
      77
      82
      70
      79
      71
      72
      60
      64
      87
      83
      61
      77
      65
      69
      73
      79
      76
      75
      63
      78
      79
      69
      58
      78
      68
      77
      81
      78
      74
      73
      62
      94
      90
      74
      72
      80
      87
      89
      82
      80
      75
      70
      82
      95
      79
     103
      67
      66
     104
      89
      66
      84
      81
      66
      69
      82
      81
      78
      85
      79
      61
      72
      79
      68
      61
      68
      57
      63
      68
      67
      64
      68
      68
      66
      66
      63
      57
      65
      59
      60
      65
      53
      60
      56
      64
      59
      59
      47
      52
      57
      51
      49
      42
      47
      41
      57
      47
      48
      43
      47
      50
      57
      39
      46
      50
      47
      40
      38
      47
      43
      39
      38
      40
      29
      48
      43
      32
      34
      42
      42
      36
      32
      50
      47
      37
      36
      31
      49
      33
      42
      35
      29
      44
      44
      35
      33
      45
      31
      39
      37
      38
      35
      30
      34
      39
      49
      35
      26
      33
      33
      33
      36
      25
      45
      27
      29
      30
      33
      26
      31
      35
      41
      35
      27
      38
      38
      28
      40
      32
      26
      30
      27
      34
      45
      37
      41
      23
      32
      29
      34
      35
      26
      35
      26
      27
      33
      28
      37
      34
      23
      24
      32
      29
      31
      31
      38
      35
      39
      38
      30
      25
      39
      40
      29
      31
      34
      29
      34
      30
      34
      31
      30
      29
      35
      29
      27
      27
      38
      18
      42
      35
      32
      31
      30
      35
      36
      33
      35
      25
      35
      18
      34
      36
      27
      37
      30
      27
      27
      31
      33
      39
      30
      31
      20
      35
      27
      38
      17
      30
      26
      24
      35
      41
      27
      20
      22
      25
      23
      27
      23
      25
      25
      23
      13
      20
      26
      22
      30
      22
      22
      28
      26
      18
      18
      21
      24
      19
      29
      22
      24
      16
      19
      21
      22
      26
      10
      25
      20
      24
      14
      23
      15
      17
      20
      26
      14
      13
      27
      23
      22
      11
      18
      15
      14
      22
      11
      19
      21
      19
      18
      23
      22
      26
      27
      18
      15
      20
      13
      22
      25
      20
      17
      22
      27
      26
      30
      24
      35
      32
      26
      29
      26
      25
      26
      23
      15
      25
      24
      37
      29
      29
      27
      24
      25
      25
      29
      16
      22
      27
      19
      24
      21
      24
      27
      24
      25
      24
      25
      19
      28
      14
      30
      22
      18
      13
      17
      15
      26
      12
      15
      20
      13
      13
      14
      18
      14
      20
       9
      18
      15
      21
      10
      16
      10
       6
      11
      13
      12
       8
      11
       4
      10
      11
      15
       9
      18
      14
      11
      11
      11
      12
      13
      10
      14
       7
       7
       6
      10
       6
      12
       6
       8
       9
       9
      10
      11
       6
      11
       6
       6
      10
      11
       9
      11
       9
      10
       6
       5
       5
       7
       5
       7
       6
       7
       7
       3
       7
       6
       5
       6
       3
      10
       5
      10
       7
       9
       5
      10
       9
       9
       5
       7
       4
       7
      12
       4
       4
       7
       6
       7
       8
       2
      11
       6
       7
       7
       7
       9
       3
       4
       3
       4
       7
       3
       5
       6
       5
       3
       5
       3
       4
       2
       4
       3
      10
       3
       7
       6
       5
       7
       8
       5
       7
       7
       3
       6
       0
      10
       4
       3
       9
       5
       5
       5
       5
       8
       5
       4
       4
       4
       6
       7
       3
       7
       7
       5
       4
       2
       4
       4
       4
       5
       9
       5
       7
       5
       2
       2
       5
       7
       3
       4
       9
       8
       3
       2
       2
       4
       2
       9
       5
       6
       3
       7
       1
       3
       5
       9
       3
       1
       2
       5
       4
       4
       3
       4
       6
       5
       1
       3
       3
       5
       3
       3
       4
       2
       7
       2
       3
       5
       4
      10
       5
       4
       4
       4
       2
       5
       3
       5
       4
       3
       5
       2
       2
       1
       2
       4
       3
       4
       2
       2
       2
       9
       5
       1
       1
       0
       2
       6
       2
       3
       0
       2
       4
       4
       5
       4
      10
       2
       2
       3
       2
       2
       5
       5
       4
       1
       5
       5
       2
       3
       2
       4
       7
       6
       2
       8
       2
       6
       7
       1
       5
       6
       1
       3
       2
       7
       5
       3
       6
       1
       1
       1
       0
       2
       5
       3
       3
       2
       3
       2
       1
       2
       2
       1
       3
       4
       6
       4
       4
       2
       3
       3
       1
       3
       1
       1
       1
       3
       6
       0
       3
       4
       1
       2
       1
       2
       3
       2
       0
       2
       0
       3
       0
       1
       2
       0
       1
       3
       1
       1
       3
       2
       0
       1
       2
       0
       0
       1
       2
       1
       2
       2
       1
       0
       1
       1
       0
       2
       2
       3
       2
       0
       0
       0
       2
       0
       1
       1
       0
       1
       0
       0
       1
       0
       1
       1
       2
       1
       1
       0
       0
       2
       1
       0
       1
       1
       0
       0
       1
       1
       0
       0
       3
       0
       3
       1
       0
       0
       0
       0
       1
       0
       0
       1
       1
       0
       1
       0
       0
       0
       0
       1
       0
       0
       0
       0
       1
       0
       1
       1
       0
       0
       0
       0
       0
       1
       0
       0
       2
       0
       1
       0
       1
       2
       0
       0
       0
       0
       0
       1
       0
       1
       0
       0
       0
       0
       0
       0
       0
       0
       0
       0
       0
       0
       0
       0
       0
       0
       0
       0
       0
       0
       0
       0
       0
       0
       0
       0
       0
       0
       0
       0
       0
       0
       0
       0
$ROI:
0
$PRESETS:
Live Time
1200
0
$ENER_FIT:
47.423248 1.595783
$MCA_CAL:
3
4.742325E+001 1.595783E+000 1.708513E-003 keV
$SHAPE_CAL:
3
0.000000E+000 0.000000E+000 0.000000E+000
