$SPEC_ID:
none
$SPEC_REM:
DET# 1
DETDESC# Donnie Sheehan III - Easy-MCA-2k SN 14163589
AP# Maestro Version 7.01
$DATE_MEA:
04/12/2023 14:34:31
$MEAS_TIM:
1200 1200
$DATA:
0 1023
       0
       0
      46
     379
     127
     106
      80
      78
      83
     108
      95
     109
      94
     110
     107
     125
     154
     124
     130
     116
     116
     118
     132
     155
     150
     140
     161
     139
     153
     171
     145
     172
     213
     211
     217
     257
     313
     364
     428
     465
     495
     519
     482
     465
     384
     405
     426
     409
     365
     346
     361
     315
     342
     340
     321
     351
     351
     327
     318
     346
     351
     326
     311
     344
     314
     327
     317
     323
     302
     331
     311
     331
     312
     300
     286
     302
     316
     278
     334
     289
     291
     295
     274
     277
     278
     283
     260
     310
     289
     274
     323
     318
     285
     296
     279
     288
     283
     265
     290
     249
     258
     272
     288
     305
     297
     215
     269
     294
     246
     242
     276
     235
     247
     254
     234
     231
     196
     234
     254
     228
     228
     238
     250
     248
     207
     205
     214
     232
     210
     216
     217
     240
     212
     209
     228
     192
     244
     231
     226
     201
     226
     187
     195
     253
     199
     206
     217
     198
     187
     216
     190
     217
     187
     223
     203
     215
     194
     202
     206
     198
     199
     218
     207
     169
     190
     188
     178
     182
     191
     185
     190
     198
     167
     171
     174
     181
     162
     163
     165
     153
     147
     170
     178
     155
     151
     167
     132
     142
     120
     150
     147
     142
     161
     117
     118
     129
     133
     151
     145
     133
     131
     139
     127
     137
     151
     136
     128
     131
     143
     143
     132
     133
     157
     151
     151
     169
     175
     175
     155
     143
     177
     175
     210
     183
     211
     218
     227
     243
     227
     220
     246
     266
     267
     251
     269
     286
     296
     269
     287
     280
     291
     308
     322
     306
     306
     315
     337
     301
     301
     324
     303
     283
     289
     273
     271
     268
     252
     232
     228
     204
     216
     212
     232
     167
     188
     180
     177
     152
     151
     145
     149
     139
     106
     131
     103
     119
     100
     104
     103
     108
      85
      81
      68
      88
      72
      64
      75
      77
      67
      61
      49
      78
      49
      57
      49
      62
      57
      59
      59
      51
      52
      47
      41
      46
      44
      53
      42
      43
      41
      38
      46
      42
      51
      43
      36
      22
      37
      50
      30
      36
      37
      35
      28
      44
      39
      35
      36
      32
      45
      57
      35
      42
      33
      34
      39
      43
      39
      35
      30
      31
      31
      28
      35
      29
      35
      29
      44
      42
      33
      39
      37
      26
      32
      43
      35
      36
      37
      37
      36
      25
      39
      36
      40
      30
      38
      31
      39
      38
      38
      44
      40
      27
      37
      34
      33
      34
      40
      29
      29
      29
      31
      29
      45
      32
      35
      37
      24
      27
      36
      41
      38
      33
      26
      26
      38
      27
      31
      33
      41
      30
      33
      26
      23
      43
      46
      35
      30
      42
      36
      39
      24
      26
      37
      32
      40
      24
      36
      27
      33
      38
      46
      29
      24
      28
      35
      29
      25
      31
      29
      30
      29
      33
      27
      28
      28
      30
      28
      30
      25
      32
      25
      23
      24
      22
      33
      23
      28
      23
      26
      27
      27
      26
      27
      27
      29
      23
      19
      26
      29
      19
      20
      27
      17
      28
      25
      35
      27
      22
      22
      23
      15
      23
      24
      17
      31
      33
      24
      18
      17
      20
      26
      18
      18
      26
      13
      17
      17
      19
      14
      25
      18
      24
      18
      19
      17
      17
       7
      16
      13
      13
      18
      24
      16
      14
      17
      21
      18
      19
      18
      17
      10
      26
      20
      21
      24
      21
      28
      24
      26
      27
      24
      31
      26
      34
      25
      19
      25
      27
      33
      33
      32
      22
      36
      35
      35
      38
      22
      18
      29
      25
      26
      24
      25
      23
      24
      18
      26
      19
      22
      24
      16
      28
      20
      22
      21
      22
      18
      19
      22
      10
      19
      17
      18
      14
      20
      21
      21
      15
      17
      15
      12
      19
      19
      12
      14
      14
      22
      10
       9
      14
      12
      15
      15
       4
       9
      17
      16
       8
      14
       7
       8
      15
      15
      11
      10
      18
      10
       9
       5
      13
       8
      10
       5
      10
       5
       7
       5
      10
       7
       7
       9
       7
      10
      11
       4
      11
      10
      11
       4
       6
       6
       7
       7
       6
       5
       9
       4
       9
       7
      10
       5
       6
       2
       5
       9
      20
       4
       4
       7
       1
       8
      14
       6
       5
       6
       7
       6
       5
      10
       3
       7
       7
      12
      12
       6
       5
       4
       7
       2
       4
       6
       5
       6
       6
       8
       7
       4
       5
       3
       7
       1
       5
       3
       3
       5
       5
       4
       6
       4
       3
       5
       5
       5
       2
       4
       3
       2
       5
       5
       4
       5
       4
       3
       3
       3
       8
       3
       4
       2
       4
       3
       5
       5
       6
       6
       2
       7
       6
       5
       6
       4
       5
       7
       5
       6
       4
       5
       5
       7
       5
       6
       7
       4
       5
       4
       7
       0
       6
       7
       5
       5
       6
       5
       5
       3
       4
       2
       5
       4
       7
       4
       3
      10
       5
       6
       7
       4
       3
       7
       1
       2
       7
       2
       2
       3
       7
       3
       1
       0
       2
       5
       4
       5
       6
       2
       2
       2
       2
       3
       1
       4
       4
       6
       2
       2
       5
       1
       3
       1
       3
       4
       4
       1
       4
       1
       4
       7
       3
       4
       2
       3
       3
       2
       3
       3
       7
       1
       3
       6
       1
       4
       4
       5
       3
       3
       1
       2
       5
       1
       0
       4
       3
       2
       7
       7
       1
       6
       4
       4
       3
       6
       5
       5
       2
       4
       6
       5
       4
       4
       5
       4
       4
       1
       4
       4
       5
       3
       3
       4
       1
       3
       5
       7
       4
       4
       4
       5
       4
       1
       1
       5
       0
       3
       0
       4
       1
       4
       3
       4
       3
       2
       0
       1
       4
       4
       2
       5
       4
       2
       0
       0
       1
       0
       3
       0
       3
       2
       0
       1
       2
       2
       1
       1
       0
       3
       0
       3
       3
       0
       1
       3
       2
       2
       1
       1
       0
       1
       1
       1
       0
       0
       1
       0
       0
       0
       1
       2
       0
       1
       1
       0
       3
       4
       0
       1
       4
       1
       0
       2
       0
       0
       2
       1
       2
       1
       3
       0
       1
       0
       0
       0
       0
       0
       0
       0
       1
       1
       1
       1
       0
       2
       0
       1
       0
       1
       0
       0
       1
       2
       1
       0
       0
       0
       1
       0
       2
       0
       0
       0
       0
       0
       0
       1
       1
       0
       1
       0
       2
       1
       1
       0
       0
       1
       0
       0
       0
       0
       0
       0
       0
       1
       0
       0
       0
       0
       0
       1
       1
       0
       1
       0
       0
       0
       0
       0
       0
       0
       0
       0
       0
       0
       0
       0
       0
       0
       0
       0
       0
       0
       0
       0
       0
       0
       0
       0
       0
       0
       0
       0
       0
       0
       0
       0
       0
$ROI:
0
$PRESETS:
Live Time
1200
0
$ENER_FIT:
47.423248 1.595783
$MCA_CAL:
3
4.742325E+001 1.595783E+000 1.708513E-003 keV
$SHAPE_CAL:
3
0.000000E+000 0.000000E+000 0.000000E+000
