$SPEC_ID:
none
$SPEC_REM:
DET# 1
DETDESC# Donnie Sheehan III - Easy-MCA-2k SN 14163589
AP# Maestro Version 7.01
$DATE_MEA:
04/10/2023 14:10:46
$MEAS_TIM:
900 900
$DATA:
0 1023
       0
       0
      12
     107
      58
      72
      64
      63
      78
      70
      63
      72
      64
      92
      93
     106
     108
     101
      92
      83
      70
     114
     104
     107
     115
     118
     106
     120
     108
     112
     111
     129
     143
     195
     227
     262
     355
     399
     411
     432
     410
     375
     357
     294
     263
     269
     224
     220
     202
     185
     199
     183
     172
     187
     167
     176
     194
     171
     178
     150
     168
     181
     165
     173
     174
     189
     158
     169
     177
     172
     195
     151
     195
     172
     162
     165
     144
     170
     181
     180
     159
     159
     172
     174
     179
     170
     166
     166
     164
     171
     174
     161
     182
     149
     163
     174
     164
     170
     169
     154
     143
     152
     177
     168
     146
     140
     151
     152
     125
     132
     168
     141
     128
     167
     160
     128
     174
     162
     165
     136
     153
     145
     138
     152
     142
     152
     164
     135
     131
     131
     152
     142
     144
     153
     154
     131
     122
     150
     149
     132
     147
     126
     153
     150
     140
     120
     139
     139
     123
     151
     148
     133
     146
     149
     116
     127
     116
     160
     145
     126
     124
     154
     141
     130
     130
     133
     133
     132
     112
     143
     110
     102
     119
     114
     137
     129
     113
     116
     142
     105
     112
     126
     115
     139
     122
     119
     108
     143
     121
     127
     128
     122
     128
     122
     136
     122
     145
     119
     121
     127
     144
     147
     122
     154
     142
     131
     177
     159
     159
     165
     139
     148
     148
     144
     166
     159
     183
     170
     180
     166
     187
     177
     161
     195
     196
     220
     195
     193
     193
     197
     192
     204
     190
     184
     198
     190
     197
     180
     188
     192
     183
     175
     191
     165
     158
     149
     143
     139
     166
     154
     148
     150
     132
     134
     132
     117
     109
     119
     106
     104
     117
      81
      90
      80
      95
      88
      87
      82
      91
      72
      82
      54
      66
      42
      67
      63
      44
      50
      57
      46
      57
      35
      32
      45
      33
      53
      28
      48
      38
      29
      45
      40
      31
      42
      45
      28
      29
      26
      27
      37
      33
      30
      35
      31
      38
      25
      33
      36
      24
      29
      27
      24
      31
      27
      23
      19
      36
      27
      36
      23
      32
      20
      27
      31
      32
      24
      34
      32
      26
      22
      17
      30
      27
      21
      32
      39
      19
      31
      23
      24
      19
      25
      34
      28
      32
      15
      24
      25
      27
      26
      21
      24
      35
      29
      30
      29
      39
      18
      30
      22
      22
      24
      28
      28
      39
      27
      22
      17
      30
      21
      22
      25
      34
      24
      32
      45
      29
      22
      25
      28
      29
      26
      37
      30
      23
      27
      29
      21
      27
      31
      19
      42
      19
      17
      29
      23
      24
      23
      27
      28
      25
      28
      23
      21
      23
      26
      14
      22
      26
      23
      38
      19
      32
      20
      15
      27
      23
      20
      23
      14
      13
      24
      20
      19
      20
      20
      19
      13
      22
      22
      20
      24
      21
      18
      20
      34
      16
      17
      19
      22
      16
      11
      17
      20
      16
      17
      13
      11
      17
      14
      17
      22
      19
      19
      18
      18
      19
      12
      14
      20
      11
      13
      14
      18
      13
      12
      13
      13
      15
      13
      15
      20
      15
      13
      21
      15
      10
      15
       8
      21
      11
      18
      14
      20
      14
      16
      21
      13
      21
      17
      15
      16
      17
      21
      21
      17
      21
      18
      19
      15
      20
      21
      28
      23
      20
      26
      17
      20
      14
      18
      28
      23
      22
      28
      15
      23
      17
      15
      25
      24
      18
      18
      18
      29
      20
      16
      15
      14
      21
      21
      22
      23
      17
      19
      16
      14
      17
      20
      18
      25
      15
       7
      10
      13
      13
       6
      22
      14
      12
       5
      10
      10
       8
       9
       9
      11
       7
       7
      11
      19
      19
       6
       5
       9
      13
      11
      10
       8
       7
       7
       9
      15
      12
      10
       6
       8
       3
      10
      11
       6
       8
       3
       6
       8
       9
       7
      10
       3
       9
       7
       7
      10
       5
       2
       5
       9
       9
       4
       3
       8
      10
       5
       7
       6
       5
       8
       7
       3
       4
       5
       5
       4
       5
       5
       5
       5
       6
       2
       5
       2
       4
       5
       2
       6
       2
       5
       6
       3
       3
       5
       4
       3
       3
       6
       7
       4
       3
       2
       3
       5
       4
       6
       2
       4
       5
       6
       6
       2
       1
       4
       5
       1
       5
       6
       3
       6
       4
       3
       6
       4
       5
       5
       4
       9
       4
       7
       3
       0
       5
       5
       4
       4
       2
       1
       3
       2
       3
       6
       7
       2
       6
       5
       1
       2
       3
       9
       2
       5
       3
       3
       1
       3
       6
       4
       3
       1
       6
       4
       3
       2
       6
       5
       3
       7
       3
       3
       3
       1
       3
       4
       2
       3
       1
       2
       4
       5
       5
       2
       3
       3
       2
       2
       3
       4
       3
       0
       3
       3
       4
       3
       4
       5
       3
       0
       7
       2
       5
       2
       1
       3
       2
       6
       1
       3
       5
       1
       5
       2
       1
       4
       1
       1
       3
       1
       3
       3
       3
       2
       6
       1
       3
       2
       3
       2
       2
       0
       2
       3
       5
       5
       4
       0
       5
       4
       2
       3
       1
       1
       3
       5
       5
       0
       2
       8
       4
       1
       3
       5
       1
       3
       3
       5
       4
       4
       3
       6
       3
       2
       3
       4
       3
       4
       2
       4
       4
       2
       1
       2
       3
       3
       1
       4
       4
       2
       6
       4
       3
       1
       2
       2
       1
       1
       0
       1
       2
       2
       2
       1
       1
       4
       2
       0
       1
       1
       2
       3
       1
       2
       2
       0
       1
       1
       1
       0
       0
       2
       4
       1
       1
       1
       2
       0
       2
       2
       0
       0
       1
       1
       1
       4
       0
       1
       2
       2
       1
       0
       2
       0
       0
       2
       2
       2
       0
       0
       2
       1
       1
       0
       0
       0
       0
       2
       0
       0
       0
       1
       3
       0
       2
       1
       1
       0
       1
       1
       1
       0
       2
       0
       1
       0
       2
       0
       1
       1
       0
       2
       1
       0
       1
       0
       1
       1
       1
       1
       0
       1
       0
       0
       0
       2
       0
       1
       0
       0
       0
       0
       1
       0
       0
       0
       0
       0
       0
       1
       0
       0
       0
       0
       0
       1
       0
       0
       1
       0
       0
       0
       0
       0
       2
       1
       0
       0
       0
       1
       1
       0
       0
       0
       1
       1
       1
       0
       0
       1
       0
       0
       2
       0
       2
       0
       0
       0
       1
       0
       0
       1
       0
       0
       0
       0
       1
       0
       0
       0
       0
       1
       1
       0
       0
       0
       0
       0
       0
       0
       0
       0
       0
       0
       0
       0
       0
       0
       0
       0
       0
       0
       0
       0
       0
       0
       0
       0
       0
       0
       0
       0
       0
       0
       0
       0
       0
       0
       0
       0
$ROI:
0
$PRESETS:
Live Time
900
0
$ENER_FIT:
47.423248 1.595783
$MCA_CAL:
3
4.742325E+001 1.595783E+000 1.708513E-003 keV
$SHAPE_CAL:
3
0.000000E+000 0.000000E+000 0.000000E+000
