$SPEC_ID:
none
$SPEC_REM:
DET# 1
DETDESC# Donnie Sheehan III - Easy-MCA-2k SN 14163589
AP# Maestro Version 7.01
$DATE_MEA:
04/10/2023 14:26:32
$MEAS_TIM:
900 900
$DATA:
0 1023
       0
       0
       7
     150
      80
      88
      94
     101
      80
     106
     104
      87
      91
     109
     119
     157
     123
     133
     140
     136
     126
     139
     146
     152
     191
     150
     165
     163
     190
     197
     174
     203
     222
     277
     331
     441
     519
     596
     585
     547
     510
     499
     431
     421
     366
     377
     391
     330
     347
     274
     298
     312
     310
     307
     340
     322
     294
     317
     311
     318
     317
     316
     326
     289
     278
     311
     289
     278
     281
     294
     261
     280
     288
     274
     251
     279
     268
     272
     265
     268
     283
     289
     264
     287
     278
     285
     267
     281
     287
     272
     272
     266
     296
     270
     263
     265
     266
     270
     272
     260
     262
     255
     264
     253
     261
     247
     208
     255
     229
     215
     252
     232
     255
     205
     247
     220
     249
     212
     222
     233
     216
     243
     236
     203
     211
     220
     232
     242
     225
     214
     201
     201
     223
     230
     242
     224
     232
     232
     222
     186
     194
     190
     227
     214
     213
     235
     235
     214
     217
     225
     204
     207
     198
     215
     185
     217
     209
     193
     208
     204
     196
     177
     198
     175
     168
     174
     181
     188
     150
     190
     182
     185
     185
     180
     171
     179
     183
     159
     153
     165
     181
     171
     193
     186
     185
     173
     193
     166
     153
     188
     192
     191
     189
     197
     180
     178
     209
     170
     193
     228
     210
     242
     223
     240
     260
     255
     257
     258
     264
     286
     270
     294
     294
     310
     347
     331
     349
     339
     313
     366
     377
     367
     354
     358
     394
     348
     391
     409
     345
     393
     407
     347
     365
     329
     367
     354
     340
     334
     302
     279
     308
     279
     256
     248
     244
     268
     221
     198
     212
     179
     191
     192
     162
     176
     175
     156
     166
     123
     141
     129
     137
     119
     123
     111
     118
     112
      91
      79
      85
      90
      92
      73
      73
      70
      62
      66
      52
      69
      55
      45
      34
      40
      36
      45
      39
      46
      41
      49
      39
      38
      31
      43
      45
      42
      29
      28
      39
      32
      34
      26
      35
      35
      26
      34
      27
      31
      33
      22
      20
      23
      30
      33
      33
      32
      31
      27
      28
      20
      35
      32
      23
      19
      31
      36
      29
      21
      31
      31
      30
      28
      25
      32
      23
      25
      24
      30
      26
      34
      20
      23
      22
      23
      42
      19
      26
      24
      25
      21
      29
      39
      27
      18
      21
      40
      21
      25
      28
      27
      23
      25
      22
      28
      33
      27
      30
      25
      21
      23
      24
      27
      20
      25
      20
      30
      31
      26
      22
      38
      27
      27
      28
      31
      30
      22
      24
      30
      29
      26
      19
      28
      22
      24
      27
      22
      26
      22
      22
      23
      25
      22
      25
      26
      20
      25
      26
      27
      26
      22
      26
      29
      19
      16
      22
      27
      17
      18
      24
      17
      33
      24
      28
      21
      20
      23
      12
      25
      15
      17
      21
      12
      15
      21
      16
      24
      20
      19
      21
      15
      15
      15
      23
      25
      19
      15
      20
      13
      17
      19
      11
      20
      16
      14
      15
      23
      13
      18
      15
      14
      19
      13
      14
      17
      14
      16
      13
       9
      13
      11
      14
      20
      12
      13
      12
      16
      14
      18
      11
      12
      19
      16
       9
      16
      11
      19
      17
      16
      15
      16
      23
      13
      16
      20
      15
      20
      18
      12
      11
      21
      22
      27
      21
      18
      24
      19
      19
      17
      18
      22
      25
      22
      25
      23
      26
      20
      19
      23
      14
      18
      24
      22
      16
      17
      18
      17
      23
      16
      27
      19
      13
      18
       9
      15
      18
      16
      11
      23
      17
      12
      15
      18
      14
      11
       8
      10
      11
      12
      12
      11
      13
      15
      12
      19
      10
      12
       5
       8
      10
       6
      10
      12
      10
      11
      11
       7
       8
      13
      11
      11
      15
       8
      10
      13
       8
       7
       7
       5
      13
       6
       9
       9
      12
       7
       7
       5
       8
       9
       5
       4
       7
       4
       5
       4
       6
       5
       2
       8
       4
       3
       2
       7
       7
       7
       7
       7
       5
       4
       5
       5
       6
       5
       4
       7
       4
      10
       5
       7
       2
       5
       2
       5
       6
       4
       5
       4
       4
       2
       4
       3
       5
       6
       2
       4
       5
       3
       1
       4
       3
       3
       3
       4
       4
       3
       4
       5
       7
       4
       4
       2
       2
       5
       1
       0
       4
       4
       3
       2
       6
       9
       3
       4
       4
       5
       6
       2
       2
       5
       3
       6
       6
       4
       5
       3
       3
       3
       2
       6
       1
       5
       3
       4
       4
       4
       7
       3
       3
       8
       4
       0
       2
       2
       3
       0
       3
       4
       2
       1
       4
       5
       7
       4
       3
       3
       4
       4
       5
       4
       5
       4
       3
       3
       4
       1
       2
       4
       4
       2
       3
       5
       2
       3
       1
       3
       3
       2
       3
       2
       2
       3
       3
       2
       3
       7
       7
       2
       1
       3
       3
       2
       2
       2
       2
       3
       5
       1
       4
       1
       1
       4
       4
       4
       5
       5
       4
       2
       1
       1
       2
       1
       1
       2
       1
       0
       3
       1
       5
       0
       3
       2
       4
       2
       1
       4
       3
       1
       6
       1
       7
       2
       2
       2
       4
       4
       5
       3
       5
       2
       2
       3
       3
       5
       3
       3
       4
       3
       2
       1
       2
       2
       4
       3
       3
       1
       2
       4
       1
       4
       5
       3
       2
       1
       5
       4
       0
       4
       3
       0
       1
       3
       1
       3
       4
       0
       1
       4
       4
       2
       1
       1
       3
       1
       2
       1
       1
       1
       1
       0
       0
       1
       3
       2
       0
       3
       4
       2
       0
       1
       1
       1
       2
       0
       1
       1
       3
       2
       1
       2
       1
       1
       2
       0
       1
       3
       0
       0
       2
       1
       2
       1
       0
       1
       1
       1
       1
       0
       1
       0
       0
       0
       1
       0
       1
       0
       0
       3
       1
       1
       1
       0
       2
       1
       0
       1
       0
       1
       1
       0
       1
       0
       0
       1
       2
       0
       0
       0
       0
       0
       1
       0
       0
       0
       0
       2
       2
       0
       0
       0
       0
       0
       1
       1
       0
       0
       0
       1
       0
       0
       0
       1
       1
       0
       0
       1
       0
       0
       0
       0
       0
       0
       0
       0
       0
       0
       0
       0
       0
       0
       0
       1
       0
       1
       1
       1
       0
       0
       0
       0
       2
       0
       0
       0
       0
       0
       0
       0
       2
       1
       1
       1
       0
       0
       0
       0
       0
       0
       0
       0
       0
       0
       1
       1
       0
       0
       1
       0
       0
       0
       0
       0
       1
       1
       0
       0
       0
       0
       0
       0
       0
       0
       0
       0
       0
       0
       0
       0
       0
       0
       0
       0
       0
       0
       0
       0
       0
       0
       0
       0
       0
       0
       0
       0
       0
       0
       0
       0
$ROI:
0
$PRESETS:
Live Time
900
0
$ENER_FIT:
47.423248 1.595783
$MCA_CAL:
3
4.742325E+001 1.595783E+000 1.708513E-003 keV
$SHAPE_CAL:
3
0.000000E+000 0.000000E+000 0.000000E+000
