$SPEC_ID:
none
$SPEC_REM:
DET# 1
DETDESC# Donnie Sheehan III - Easy-MCA-2k SN 14163589
AP# Maestro Version 7.01
$DATE_MEA:
04/12/2023 15:39:04
$MEAS_TIM:
1200 1200
$DATA:
0 1023
       0
       0
      14
      98
      54
      48
      56
      46
      57
      58
      45
      59
      57
      56
      76
      71
      75
      87
      92
      82
      75
      78
      91
      65
     104
      94
      94
      97
      93
      81
      71
      92
     106
     117
     131
     178
     186
     250
     298
     327
     315
     326
     285
     276
     277
     258
     232
     265
     220
     222
     212
     188
     184
     191
     178
     172
     166
     201
     168
     180
     170
     185
     208
     177
     170
     159
     189
     186
     172
     177
     177
     168
     180
     157
     169
     161
     203
     150
     171
     185
     155
     171
     170
     156
     137
     177
     173
     197
     178
     176
     145
     145
     166
     150
     161
     167
     161
     142
     131
     148
     162
     145
     164
     143
     156
     142
     165
     175
     175
     164
     156
     131
     155
     133
     133
     110
     140
     142
     114
     141
     123
     156
     137
     125
     138
     151
     125
     132
     132
     128
     148
     125
     124
     140
     139
     142
     112
     128
     142
     105
     126
     138
     146
     136
     113
     128
     113
     129
     115
     111
     119
     131
     118
     125
     115
     115
     104
     138
     103
     118
     100
     111
     112
      97
      90
     118
      93
     107
     103
      97
     102
     120
     105
     106
      85
      97
     104
     101
     107
      87
      81
      94
      97
      81
      82
     101
      82
      85
      74
      73
      86
      81
      88
      77
      77
      74
      99
      76
      69
      87
      82
      65
     100
      79
      75
      87
      74
      74
      89
      81
      93
      88
      74
      76
      78
      78
      79
      87
      87
      79
      91
      87
      89
      70
      74
      87
      83
      94
      73
      65
      90
      86
      89
      92
      83
      89
      93
      78
      94
      86
      90
      77
      83
      88
      82
      89
      81
      93
      96
      80
      78
      89
      70
      78
      73
      72
      81
      74
      86
      74
      63
      75
      66
      74
      79
      75
      70
      64
      84
      64
      78
      71
      62
      62
      64
      50
      59
      49
      59
      59
      62
      54
      45
      51
      47
      40
      38
      40
      47
      55
      47
      42
      43
      47
      48
      46
      36
      58
      45
      49
      42
      60
      53
      57
      53
      45
      35
      36
      37
      40
      41
      31
      34
      49
      39
      47
      45
      37
      43
      38
      41
      33
      43
      38
      41
      37
      43
      29
      39
      34
      32
      40
      32
      37
      37
      36
      32
      31
      43
      26
      36
      20
      40
      26
      47
      34
      42
      26
      33
      29
      24
      31
      43
      31
      32
      47
      33
      27
      50
      33
      31
      33
      34
      35
      31
      32
      29
      31
      39
      32
      48
      35
      22
      34
      47
      33
      34
      27
      42
      24
      30
      37
      40
      22
      32
      32
      36
      27
      21
      46
      31
      33
      28
      32
      30
      36
      25
      36
      41
      34
      40
      30
      36
      30
      29
      42
      31
      35
      24
      44
      21
      23
      26
      36
      32
      38
      29
      45
      48
      20
      32
      27
      28
      23
      36
      33
      32
      24
      48
      29
      32
      30
      28
      28
      28
      29
      35
      27
      35
      31
      27
      22
      34
      26
      28
      27
      24
      33
      25
      30
      19
      32
      26
      26
      20
      28
      27
      19
      18
      27
      26
      18
      16
      21
      22
      18
      24
      29
      29
      22
      26
      18
      16
      22
      18
      19
      14
      18
      25
      23
      22
      21
      15
      18
      27
      15
      13
      22
      23
      16
      16
      16
      19
      15
      20
      15
      14
      21
      19
      16
      13
      25
      18
      15
      15
      15
      27
      21
      23
      28
      19
      14
      22
      19
      30
      27
      19
      19
      42
      21
      32
      26
      24
      25
      25
      27
      28
      39
      33
      19
      24
      25
      23
      32
      34
      22
      31
      26
      31
      26
      27
      17
      27
      12
      24
      24
      29
      27
      23
      21
      14
      11
      20
      19
      19
      14
      15
      22
      20
      25
      18
      21
      16
      20
      16
      21
      15
      15
      17
      14
      14
      11
      10
      14
      13
      11
      16
      12
      24
       6
      17
       7
      15
       9
      17
      10
      15
      13
       5
      13
      12
       7
      10
       9
      14
       4
       8
       7
       9
       9
      11
       6
      11
       4
      13
       9
       5
      11
       6
      12
       7
       6
      11
       2
       9
       4
      10
       9
       7
       6
      11
       8
       5
      11
       5
      13
      11
      12
       8
       9
       9
       6
       5
       6
       9
       5
       5
       6
      12
       2
      11
       9
       7
       7
       9
       4
       5
       6
       5
       6
       8
       7
       5
       4
       3
      10
       9
       5
       3
       5
       6
       9
       4
       7
       2
       2
       8
       7
       5
       4
       7
       8
       4
       7
       2
       7
       5
       6
       2
       8
      11
       4
       5
       5
       1
       9
       4
       2
       7
       8
       5
       7
       3
      12
       6
       5
       6
       7
       7
       3
       6
       9
       7
       5
       6
       6
      10
       0
       2
       5
       2
       2
       2
       9
       6
       3
       8
       5
       2
       3
       6
       7
       7
       4
       2
       1
       3
       4
       5
       3
       2
       7
       6
       3
      10
       4
       5
       7
       4
       3
       3
       1
       4
       1
       4
       4
       7
       4
       6
       5
       5
       4
       4
       2
       5
       5
       2
       5
       0
       1
       1
       2
       1
       6
       5
       5
       2
       1
       5
       8
       2
       4
       2
       4
       4
       2
       4
       2
       5
       4
       1
       3
       5
       6
       5
       6
       3
       3
       4
       6
       3
       7
       1
       4
       3
       4
       3
       0
       2
       9
       2
       2
       6
       6
       2
       2
       3
       5
       2
       4
       4
       4
       5
       3
       8
       7
       6
       4
       2
       3
       4
       2
       2
       2
       3
       4
       4
       4
       5
       6
       6
       4
       1
       2
       2
       5
       1
       1
       3
       5
       2
       2
       4
       1
       5
       3
       1
       5
       3
       2
       3
       5
       3
       0
       4
       4
       0
       1
       1
       4
       2
       3
       3
       2
       3
       1
       7
       2
       1
       0
       0
       1
       1
       3
       2
       0
       1
       3
       0
       1
       0
       0
       0
       2
       1
       2
       1
       0
       2
       3
       1
       0
       2
       0
       1
       1
       1
       0
       0
       1
       2
       1
       1
       0
       1
       1
       3
       0
       1
       1
       0
       1
       0
       1
       0
       0
       0
       1
       0
       1
       0
       1
       0
       1
       1
       0
       2
       0
       0
       1
       0
       0
       1
       0
       1
       0
       3
       0
       0
       1
       0
       2
       0
       0
       2
       1
       0
       1
       1
       2
       0
       0
       0
       1
       1
       0
       0
       0
       0
       0
       1
       0
       0
       0
       0
       0
       1
       0
       1
       0
       0
       0
       0
       0
       0
       0
       1
       1
       0
       0
       0
       0
       2
       2
       1
       0
       1
       0
       1
       1
       0
       0
       0
       0
       0
       0
       0
       0
       0
       0
       0
       0
       0
       0
       0
       0
       0
       0
       0
       0
       0
       0
       0
       0
       0
       0
       0
       0
       0
       0
       0
       0
       0
       0
$ROI:
0
$PRESETS:
Live Time
1200
0
$ENER_FIT:
47.423248 1.595783
$MCA_CAL:
3
4.742325E+001 1.595783E+000 1.708513E-003 keV
$SHAPE_CAL:
3
0.000000E+000 0.000000E+000 0.000000E+000
