$SPEC_ID:
none
$SPEC_REM:
DET# 1
DETDESC# Donnie Sheehan III - Easy-MCA-2k SN 14163589
AP# Maestro Version 7.01
$DATE_MEA:
04/12/2023 15:18:33
$MEAS_TIM:
1200 1200
$DATA:
0 1023
       0
       0
      18
     133
      80
      92
      73
      85
      80
      74
      95
      76
      84
      98
     112
     125
     137
     131
     123
     126
     128
     117
     120
     160
     159
     146
     160
     147
     169
     149
     143
     183
     174
     168
     214
     274
     328
     370
     425
     495
     501
     522
     443
     432
     430
     397
     383
     385
     383
     343
     319
     372
     332
     351
     307
     341
     339
     323
     312
     322
     329
     330
     340
     339
     344
     312
     318
     343
     304
     308
     314
     310
     319
     310
     296
     319
     295
     281
     320
     301
     313
     264
     285
     302
     308
     310
     260
     281
     274
     278
     257
     301
     283
     286
     275
     262
     269
     281
     275
     279
     269
     277
     277
     252
     261
     263
     249
     256
     222
     235
     223
     256
     248
     219
     219
     245
     278
     227
     264
     251
     249
     232
     232
     228
     238
     208
     260
     220
     218
     210
     214
     203
     211
     215
     240
     229
     203
     206
     204
     216
     254
     229
     221
     216
     231
     191
     214
     224
     210
     185
     190
     227
     198
     201
     201
     183
     209
     188
     179
     195
     198
     185
     169
     168
     174
     154
     173
     173
     177
     147
     171
     150
     170
     180
     152
     154
     143
     150
     161
     154
     148
     159
     154
     134
     142
     143
     160
     140
     169
     123
     150
     151
     144
     146
     170
     165
     163
     158
     147
     181
     147
     159
     162
     179
     199
     190
     209
     198
     196
     196
     225
     225
     250
     249
     229
     247
     257
     233
     267
     289
     287
     251
     291
     274
     278
     297
     270
     270
     277
     264
     275
     272
     264
     238
     264
     290
     284
     263
     221
     206
     237
     243
     219
     218
     191
     195
     179
     196
     164
     151
     146
     144
     138
     139
     115
     125
     124
     124
     117
     110
      97
      89
      96
     101
      86
      95
      79
      83
      77
      83
      87
      78
      88
      67
      71
      74
      69
      59
      68
      63
      47
      58
      54
      52
      58
      60
      52
      52
      54
      45
      51
      42
      37
      62
      36
      49
      47
      43
      41
      42
      33
      49
      49
      49
      62
      52
      46
      46
      39
      46
      38
      33
      35
      46
      37
      48
      26
      34
      47
      47
      36
      46
      42
      36
      38
      40
      38
      37
      47
      43
      46
      42
      22
      30
      33
      51
      35
      42
      38
      39
      32
      21
      35
      33
      33
      35
      30
      35
      35
      36
      31
      19
      30
      33
      30
      35
      41
      30
      44
      33
      41
      39
      32
      31
      36
      39
      32
      42
      49
      21
      26
      35
      36
      27
      41
      17
      36
      42
      21
      25
      37
      28
      31
      26
      30
      33
      33
      34
      29
      32
      36
      25
      22
      27
      31
      35
      25
      23
      34
      39
      37
      32
      37
      31
      27
      27
      35
      31
      29
      27
      34
      30
      34
      34
      35
      30
      39
      30
      30
      29
      33
      40
      25
      31
      35
      30
      26
      27
      26
      24
      26
      30
      32
      28
      29
      21
      30
      27
      34
      24
      23
      35
      27
      24
      16
      30
      22
      29
      21
      34
      22
      27
      31
      21
      15
      23
      23
      31
      21
      24
      35
      21
      18
      19
      19
      25
      20
      23
      18
      16
      18
      25
      23
      14
      26
      19
      20
      33
      12
      18
      15
      19
      21
      26
      18
      19
      17
      17
      17
      18
      23
      14
      22
      26
      11
      17
      21
      20
      15
      18
      22
      19
      17
      18
      31
      15
      19
      22
      21
      14
      21
      32
      18
      25
      23
      26
      21
      24
      21
      23
      32
      28
      38
      28
      25
      24
      30
      25
      30
      28
      25
      27
      29
      23
      25
      31
      19
      24
      30
      22
      30
      25
      15
      24
      23
      22
      14
      25
      25
      14
      33
      23
      19
      17
      16
      20
      17
      19
      19
      19
      13
      17
      15
      21
      12
      14
      22
      22
      14
      16
      20
      13
      16
      12
      15
       9
       9
      11
       9
      16
      17
      15
       7
      10
      14
      12
      12
       9
      16
       8
      14
       7
      13
       9
       8
      14
      11
      13
      11
      12
      14
      11
      10
       9
      11
       7
      13
       9
       8
       8
       7
       7
       5
       7
       8
       4
       8
       5
       7
       6
       8
      13
       6
       9
       7
       6
      10
      12
       8
       9
       7
       6
       6
       9
       8
       6
       5
       5
       9
       9
       9
       6
       7
       5
       9
       8
       6
       6
       8
       7
       6
       7
       9
       7
       5
       2
       9
       4
       6
       9
       5
       7
       6
       1
       7
       2
       2
       5
       3
       9
       5
       8
      10
       5
       5
       2
       6
       3
       1
       2
       6
       4
       6
       4
       8
      10
       8
       7
       6
       3
       4
       8
       7
       2
       7
       4
       6
       5
       9
       6
       6
       4
       8
       9
       6
       6
       3
       1
       3
       4
       3
       8
       2
       6
       2
       3
       4
       7
       2
       2
       1
       4
       5
       4
       2
       2
       4
       7
       8
       7
       6
       8
       2
       5
       3
       7
       5
       3
       7
       9
       3
       5
       4
       3
       3
       3
       5
       5
       2
       6
       3
       3
       4
       6
       4
       2
       2
       2
       6
       5
       6
       6
       4
       4
       6
       2
       5
       2
       5
       4
       4
       3
       2
       6
       2
      10
       2
       3
       2
       1
       3
       3
       3
       2
       3
       3
       2
       2
       3
       5
       3
       8
       5
       3
       2
       1
       2
       2
       2
       2
       2
       2
       6
       3
       6
       4
       6
       3
       1
       4
       4
       2
       3
       9
       2
       4
       2
       5
       4
       5
       4
       5
       3
       5
       6
       3
       2
       8
       2
       4
       7
       7
       2
       5
       2
       2
       2
       5
       2
       2
       1
       1
       3
       1
       2
       6
       4
       4
       6
       4
       8
       3
       2
       5
       3
       3
       4
       6
       4
       2
       1
       2
       2
       2
       2
       2
       1
       0
       3
       2
       2
       2
       1
       2
       1
       3
       1
       3
       1
       0
       2
       1
       3
       1
       3
       5
       0
       4
       0
       4
       1
       0
       1
       0
       3
       0
       1
       0
       2
       3
       1
       0
       0
       1
       2
       4
       3
       1
       0
       3
       0
       1
       1
       0
       0
       1
       1
       1
       0
       0
       2
       0
       1
       0
       0
       0
       5
       0
       1
       1
       0
       2
       2
       2
       0
       1
       0
       1
       1
       0
       0
       0
       1
       0
       1
       0
       0
       3
       0
       0
       0
       0
       0
       0
       1
       0
       1
       1
       0
       1
       1
       1
       0
       0
       0
       1
       0
       2
       1
       0
       0
       0
       2
       0
       0
       0
       2
       0
       0
       0
       0
       0
       0
       0
       0
       1
       0
       0
       1
       0
       0
       0
       0
       0
       0
       0
       0
       0
       0
       0
       0
       0
       0
       0
       0
       0
       0
       0
       0
       0
       0
       0
       0
       0
       0
       0
       0
       0
       0
       0
       0
       0
       0
       0
$ROI:
0
$PRESETS:
Live Time
1200
0
$ENER_FIT:
47.423248 1.595783
$MCA_CAL:
3
4.742325E+001 1.595783E+000 1.708513E-003 keV
$SHAPE_CAL:
3
0.000000E+000 0.000000E+000 0.000000E+000
