$SPEC_ID:
none
$SPEC_REM:
DET# 1
DETDESC# Donnie Sheehan III - Easy-MCA-2k SN 14163589
AP# Maestro Version 7.01
$DATE_MEA:
04/10/2023 13:34:33
$MEAS_TIM:
900 900
$DATA:
0 1023
       0
       0
       4
      74
      56
      63
      48
      45
      38
      61
      46
      59
      48
      63
      84
      81
      86
      79
      75
      80
      76
      71
      98
      85
      70
      96
      82
      83
      98
      90
     109
     125
     148
     168
     225
     264
     283
     302
     333
     298
     279
     274
     264
     246
     213
     204
     198
     182
     165
     169
     190
     165
     135
     166
     152
     147
     152
     149
     141
     160
     164
     158
     140
     171
     174
     162
     141
     154
     175
     154
     159
     167
     130
     145
     169
     147
     167
     167
     132
     142
     150
     170
     154
     126
     134
     132
     154
     149
     148
     145
     174
     137
     158
     157
     141
     125
     139
     141
     117
     130
     122
     135
     129
     139
     149
     119
     116
     126
     125
     140
     129
     121
     113
     135
     117
     126
     120
     120
     121
     129
      99
     112
     117
     115
     123
     101
     114
     103
     120
     112
      95
     102
     120
     115
     101
     119
     117
     117
     103
     121
     117
     127
      98
     122
     120
     127
     132
     106
      99
      91
      88
     112
     111
     113
     109
     104
      87
      89
      77
      88
      96
      82
      95
     106
     102
      69
      99
      86
      77
      87
      88
      82
      85
      70
      80
      80
      89
      76
      71
      78
      89
      72
      88
      83
      89
      75
      81
      76
     101
      78
      83
      76
      78
      92
      84
      84
      90
      83
      91
      75
      86
      92
      98
     110
      91
     110
     120
      96
     114
     114
     106
     106
     126
     139
     129
     109
     135
     154
     108
     147
     124
     124
     146
     118
     132
     138
     119
     129
     142
     127
     150
     135
     158
     124
     118
     109
      97
     100
      89
      95
     100
     113
     102
     102
      87
      94
      88
      93
      84
      67
      84
      63
      80
      80
      69
      89
      72
      57
      57
      61
      57
      56
      54
      54
      52
      53
      57
      56
      40
      46
      45
      45
      38
      54
      35
      39
      42
      50
      34
      32
      46
      41
      36
      34
      28
      51
      33
      33
      29
      36
      43
      32
      31
      32
      40
      35
      34
      27
      29
      31
      37
      36
      31
      22
      21
      28
      34
      29
      31
      27
      39
      29
      36
      37
      28
      28
      39
      29
      20
      33
      19
      20
      24
      29
      38
      27
      27
      20
      23
      37
      27
      24
      32
      37
      23
      32
      25
      20
      28
      30
      22
      28
      26
      34
      22
      29
      26
      31
      19
      24
      28
      26
      32
      25
      27
      33
      16
      25
      17
      26
      23
      30
      29
      22
      24
      16
      27
      25
      31
      21
      28
      30
      21
      20
      23
      37
      30
      30
      33
      30
      16
      20
      23
      40
      26
      29
      33
      41
      35
      25
      22
      24
      29
      33
      26
      31
      24
      25
      27
      27
      19
      17
      24
      19
      28
      23
      28
      32
      22
      30
      19
      24
      31
      26
      29
      26
      26
      20
      22
      19
      17
      14
      23
      21
      24
      16
      21
      29
      28
      18
      18
       8
      17
      22
      27
      19
      18
      15
      17
      12
      11
      12
      21
      25
      17
      18
      16
      17
      14
      17
      15
      16
      18
      13
      17
      12
      15
       9
      15
      16
       9
      10
      18
      14
      13
      12
      11
      16
      21
      11
      19
       9
      12
      17
      14
      19
      17
      15
      13
      12
      19
      15
      20
      17
      13
      18
      18
      16
      21
      17
      19
      27
      19
      31
      14
      25
      27
      23
      13
      20
      25
      18
      16
      17
      20
      12
      17
      17
      18
      28
      20
      21
      17
      17
      18
      20
      16
      22
      19
      17
      18
      19
      20
      13
      22
      18
      22
      18
      16
      15
      13
      13
       9
      15
      22
      15
      13
      18
      11
      12
      13
      15
       9
      14
      14
       8
      10
      14
       8
       4
      10
      13
      16
       8
       6
      13
      10
       9
       7
       9
       9
       6
       9
       9
      11
       7
      12
      13
      12
       8
       6
       7
       3
       4
       4
       8
       9
       5
       5
      10
       3
       7
       7
       8
       4
       5
       4
       7
       9
       8
       7
       5
       7
       5
       4
       6
       6
       5
       9
       4
       7
       6
       2
       6
       2
       5
       4
       4
       3
       5
       4
       4
       5
       2
       2
       4
       6
       6
       4
       4
       3
       5
       4
       4
       3
       5
       4
       4
       2
       4
       7
       5
       3
       7
       5
       2
       7
       3
       2
       9
       3
       1
       3
       2
       5
       2
       2
       7
       8
       1
      10
       6
       6
       6
       2
       4
       2
       6
       5
       4
       4
       3
       4
       6
       4
       4
       1
       1
       2
       6
       4
       2
       3
       0
       3
       5
       2
       3
       4
       2
       3
       4
       2
       5
       1
       3
       6
       3
       1
       1
       2
       3
       2
       4
       4
       2
       3
       4
       2
       1
       5
       2
       4
       3
       3
       1
       6
       2
       6
       2
       8
       5
       3
       1
       3
       3
       5
      11
       5
       3
       5
       2
       1
       0
       3
       1
       4
       3
       8
       4
       2
       3
       4
       5
       1
       3
       3
       3
       0
       3
       3
       1
       1
       2
       1
       3
       7
       1
       1
       5
       1
       2
       2
       4
       2
       5
       2
       2
       5
       3
       5
       2
       3
       2
       4
       2
       4
       1
       4
       1
       4
       1
       3
       2
       2
       8
       3
       5
       4
       3
       0
       8
       0
       3
       2
       4
       1
       0
       4
       3
       2
       2
       3
       3
       3
       5
       4
       4
       4
       3
       6
       2
       4
       1
       1
       1
       2
       4
       1
       3
       3
       2
       1
       6
       4
       1
       2
       2
       1
       4
       3
       4
       0
       2
       3
       2
       2
       3
       2
       2
       3
       1
       2
       1
       1
       2
       0
       0
       2
       2
       1
       0
       0
       2
       2
       0
       0
       1
       1
       1
       0
       1
       1
       1
       0
       0
       2
       0
       0
       2
       1
       2
       1
       0
       0
       0
       1
       0
       1
       3
       2
       1
       1
       0
       0
       0
       1
       0
       0
       1
       1
       0
       0
       0
       1
       1
       1
       1
       0
       0
       0
       1
       0
       0
       2
       1
       2
       0
       0
       1
       0
       0
       0
       0
       2
       0
       0
       0
       0
       0
       0
       0
       0
       1
       1
       1
       0
       0
       2
       0
       1
       0
       0
       1
       3
       0
       0
       0
       0
       0
       1
       0
       0
       1
       0
       0
       0
       1
       1
       1
       0
       1
       0
       2
       2
       0
       1
       0
       1
       0
       0
       0
       0
       0
       0
       0
       0
       0
       1
       0
       0
       0
       0
       0
       0
       1
       2
       0
       1
       1
       0
       0
       0
       0
       0
       0
       1
       0
       0
       1
       0
       1
       1
       0
       0
       0
       0
       0
       0
       0
       0
       0
       0
       0
       0
       0
       0
       0
       0
       0
       0
       0
       0
       0
       0
       0
       0
       0
       0
       0
       0
       0
       0
       0
       0
       0
       0
       0
       0
       0
       0
       0
       0
       0
$ROI:
0
$PRESETS:
Live Time
900
0
$ENER_FIT:
47.423248 1.595783
$MCA_CAL:
3
4.742325E+001 1.595783E+000 1.708513E-003 keV
$SHAPE_CAL:
3
0.000000E+000 0.000000E+000 0.000000E+000
