$SPEC_ID:
none
$SPEC_REM:
DET# 1
DETDESC# Donnie Sheehan III - Easy-MCA-2k SN 14163589
AP# Maestro Version 7.01
$DATE_MEA:
04/10/2023 13:17:00
$MEAS_TIM:
900 900
$DATA:
0 1023
       0
       0
       9
      89
      68
      77
      65
      65
      83
      79
      82
      66
      95
      81
     127
     136
     132
      98
     114
     131
     112
     113
     136
     141
     152
     134
     149
     144
     134
     156
     159
     191
     212
     253
     352
     398
     431
     477
     482
     434
     423
     422
     385
     381
     376
     318
     319
     300
     305
     298
     271
     333
     295
     332
     299
     263
     337
     296
     281
     310
     318
     304
     301
     270
     279
     295
     257
     246
     239
     277
     274
     254
     279
     274
     247
     236
     261
     262
     275
     260
     276
     247
     242
     241
     257
     260
     240
     258
     232
     234
     239
     240
     210
     244
     237
     243
     214
     238
     251
     216
     222
     232
     242
     212
     215
     192
     223
     205
     235
     212
     204
     206
     212
     211
     209
     208
     206
     196
     161
     213
     177
     195
     215
     190
     169
     170
     172
     212
     184
     190
     181
     175
     198
     184
     193
     190
     168
     199
     177
     184
     214
     173
     163
     187
     156
     185
     152
     188
     166
     170
     156
     151
     147
     156
     136
     143
     147
     145
     138
     130
     124
     137
     139
     135
     141
     124
     156
     152
     128
     140
     155
     125
     165
     145
     130
     138
     136
     142
     139
     159
     167
     154
     166
     150
     139
     167
     169
     174
     205
     191
     207
     192
     225
     219
     234
     214
     235
     244
     272
     246
     283
     247
     264
     267
     276
     283
     277
     273
     274
     287
     267
     258
     267
     303
     253
     283
     238
     238
     238
     254
     255
     233
     224
     224
     238
     197
     207
     200
     198
     188
     187
     186
     170
     139
     163
     122
     120
     148
     112
     107
     106
     126
      99
     100
     104
     103
     105
      90
      87
      80
      85
      71
      65
      78
      75
      73
      73
      58
      78
      67
      54
      56
      41
      65
      74
      49
      50
      36
      47
      57
      56
      48
      32
      38
      24
      43
      44
      37
      44
      38
      26
      22
      40
      37
      32
      37
      46
      26
      30
      23
      35
      28
      36
      32
      34
      36
      29
      25
      25
      35
      27
      27
      36
      18
      28
      34
      33
      39
      41
      31
      25
      32
      29
      29
      25
      24
      35
      23
      27
      33
      32
      33
      38
      32
      35
      30
      24
      33
      29
      27
      34
      31
      26
      28
      25
      15
      25
      22
      39
      23
      36
      29
      38
      21
      28
      28
      29
      34
      19
      22
      33
      27
      25
      26
      23
      25
      20
      29
      27
      29
      27
      25
      26
      38
      22
      27
      29
      23
      26
      24
      28
      28
      28
      23
      25
      21
      25
      26
      22
      26
      23
      30
      25
      18
      20
      30
      19
      31
      34
      29
      28
      33
      18
      23
      24
      18
      22
      33
      30
      28
      28
      27
      22
      20
      23
      23
      24
      26
      26
      30
      20
      21
      23
      12
      22
      19
      22
      23
      20
      25
      19
      21
      19
      24
      17
      30
      19
      24
      19
      19
      31
      26
      17
      23
      12
      21
      13
      28
      11
      16
      20
      12
      15
      19
      20
      15
      18
      16
      11
      16
      14
      21
      19
      22
      21
      14
       9
      26
      20
      11
      10
      11
      18
      16
      14
      12
      15
      15
      12
      12
      23
      13
      10
      20
      13
      12
      10
      19
      12
      16
      20
      21
      14
      22
      14
      14
      14
      12
      19
      20
      22
      25
      27
      15
      18
      17
      28
      16
      18
      25
      20
      24
      26
      21
      30
      18
      29
      16
      23
      25
      24
      24
      18
      17
      16
      21
      18
      10
      21
      19
      19
      21
      21
      18
      22
      15
      19
      15
      13
      17
      14
      13
      17
      16
      14
      18
      14
      14
       8
      12
      11
       8
      15
      16
      16
      17
       8
      10
      13
       5
      10
      15
      12
      10
      14
       9
       6
       9
       5
      11
      10
       8
      10
       8
       6
       8
      12
       7
       8
       8
       8
       3
       3
       7
       5
       7
       7
       8
       9
       4
       6
       9
       4
       6
       6
       7
       5
       6
       5
       5
       7
       4
       8
      10
      10
       5
       8
       3
       6
      10
       6
       9
       7
       4
       5
       2
       3
       7
       2
       7
       7
       4
       3
       9
       4
       3
       3
       5
       2
       8
       6
       2
       4
       4
       3
       6
       4
       5
       1
       4
       4
       4
       4
       6
       5
       2
       2
       4
       6
       5
       4
       2
       3
       4
       5
       4
       6
       2
       3
       3
       1
       8
       1
       8
       3
       3
       2
       3
       5
       4
       6
       4
       3
       7
       3
       6
       1
       3
       4
       5
       4
       3
       4
       2
       3
       3
       5
       5
       2
       7
       4
       9
       4
       3
       4
       5
       5
       1
       4
       1
       3
       5
       2
       5
       6
       5
       2
       2
       7
       4
       3
       2
       3
       3
       2
       3
       2
       4
       2
       4
       3
       6
       3
       2
       0
       4
       4
       4
       1
       3
       0
       7
       2
       6
       2
       3
       3
       5
       5
       4
       2
       1
       2
       4
       4
       3
       0
       3
       2
       1
       2
       2
       2
       2
       0
       0
       4
       2
       3
       5
       1
       2
       1
       4
       2
       1
       2
       0
       1
       3
       1
       2
       5
       4
       0
       5
       1
       2
       4
       2
       3
       3
       2
       5
       2
       1
       3
       4
       6
       1
       4
       5
       3
       7
       1
       4
       4
       2
       1
       2
       3
       0
       1
       1
       0
       4
       2
       3
       6
       3
       2
       3
       5
       0
       2
       4
       3
       2
       2
       3
       1
       2
       2
       1
       0
       2
       0
       1
       2
       2
       6
       3
       1
       3
       2
       1
       1
       3
       0
       1
       1
       2
       2
       2
       3
       1
       0
       1
       1
       1
       2
       0
       1
       1
       3
       1
       2
       1
       1
       1
       1
       0
       2
       0
       1
       3
       1
       0
       0
       3
       0
       0
       0
       0
       2
       1
       0
       1
       0
       0
       0
       0
       2
       0
       0
       1
       0
       1
       0
       0
       0
       0
       2
       0
       0
       0
       1
       0
       0
       1
       0
       0
       1
       0
       0
       0
       0
       1
       2
       0
       0
       1
       0
       0
       0
       1
       2
       0
       0
       0
       1
       0
       0
       0
       0
       0
       0
       0
       0
       1
       1
       1
       0
       0
       0
       1
       0
       1
       0
       1
       0
       0
       0
       0
       0
       0
       1
       0
       2
       0
       0
       0
       1
       0
       0
       0
       1
       1
       0
       0
       0
       1
       1
       0
       0
       1
       0
       2
       1
       1
       0
       0
       0
       0
       0
       1
       0
       0
       2
       1
       0
       0
       1
       0
       0
       0
       0
       1
       0
       2
       0
       0
       0
       1
       1
       1
       0
       0
       0
       0
       0
       0
       0
       0
       0
       0
       0
       0
       0
       0
       0
       0
       0
       0
       0
       0
       0
       0
       0
       0
       0
       0
       0
       0
       0
       0
       0
       0
       0
       0
       0
       0
       0
       0
$ROI:
0
$PRESETS:
Live Time
900
0
$ENER_FIT:
47.423248 1.595783
$MCA_CAL:
3
4.742325E+001 1.595783E+000 1.708513E-003 keV
$SHAPE_CAL:
3
0.000000E+000 0.000000E+000 0.000000E+000
