$SPEC_ID:
none
$SPEC_REM:
DET# 1
DETDESC# Donnie Sheehan III - Easy-MCA-2k SN 14163589
AP# Maestro Version 7.01
$DATE_MEA:
04/10/2023 15:02:16
$MEAS_TIM:
1200 1200
$DATA:
0 1023
       0
       0
       8
     119
      68
      88
      88
      89
      83
      94
      95
     106
     104
     112
     130
     150
     122
     165
     111
     105
     114
     138
     145
     185
     148
     165
     135
     169
     178
     171
     206
     220
     241
     269
     329
     426
     469
     503
     526
     545
     504
     486
     461
     453
     439
     402
     416
     392
     392
     385
     337
     376
     306
     341
     355
     330
     397
     366
     404
     338
     343
     329
     356
     334
     332
     350
     325
     312
     314
     326
     318
     326
     347
     321
     343
     310
     301
     287
     316
     302
     306
     366
     288
     309
     298
     265
     271
     279
     271
     265
     293
     259
     293
     293
     247
     263
     291
     294
     271
     269
     266
     270
     255
     251
     248
     260
     265
     255
     247
     264
     247
     238
     252
     221
     248
     264
     256
     246
     226
     204
     224
     204
     226
     240
     218
     192
     237
     223
     205
     205
     214
     214
     218
     189
     180
     189
     180
     202
     206
     208
     185
     214
     176
     187
     182
     155
     178
     175
     180
     155
     166
     177
     164
     173
     171
     167
     175
     188
     174
     164
     190
     224
     185
     158
     204
     197
     193
     189
     212
     201
     225
     210
     210
     218
     230
     222
     223
     258
     239
     262
     271
     273
     237
     256
     259
     288
     270
     285
     231
     295
     276
     243
     255
     258
     260
     260
     227
     243
     242
     210
     254
     237
     239
     235
     209
     226
     213
     174
     196
     187
     208
     188
     180
     152
     161
     170
     165
     137
     152
     144
     150
     135
     128
     147
     129
     137
     133
     137
     149
     132
     137
     121
     123
      91
      92
      91
      97
      86
     114
      96
      86
      82
      82
      85
      65
      70
      60
      93
      55
      75
      75
      82
      80
      78
      75
      81
      76
      59
      70
      76
      69
      71
      60
      49
      76
      53
      72
      67
      49
      59
      53
      54
      53
      49
      53
      57
      37
      57
      43
      59
      35
      56
      44
      44
      51
      55
      51
      42
      58
      50
      51
      41
      50
      38
      44
      54
      46
      48
      32
      35
      44
      38
      48
      53
      43
      39
      56
      36
      37
      37
      35
      42
      45
      47
      44
      36
      32
      43
      33
      47
      32
      43
      39
      40
      38
      27
      33
      46
      38
      41
      35
      33
      35
      37
      32
      28
      41
      44
      42
      47
      40
      34
      48
      37
      38
      37
      45
      29
      38
      47
      41
      26
      35
      38
      33
      40
      32
      28
      53
      37
      35
      27
      31
      30
      30
      24
      26
      27
      36
      36
      40
      28
      34
      39
      19
      31
      30
      34
      30
      34
      29
      36
      32
      30
      35
      44
      35
      36
      45
      34
      42
      39
      29
      40
      28
      37
      41
      31
      42
      42
      38
      44
      26
      43
      37
      41
      31
      34
      33
      27
      39
      34
      30
      29
      31
      31
      34
      26
      27
      21
      30
      29
      26
      32
      27
      23
      23
      40
      29
      29
      33
      28
      39
      25
      22
      22
      30
      18
      25
      23
      25
      26
      23
      14
      16
      22
      18
      18
      22
      21
      27
      18
      19
      20
      21
      21
      26
      19
      18
      17
      21
      20
      23
      21
      16
      14
      22
      16
      21
      25
      14
      15
      17
      18
      13
      22
      22
      20
      23
      12
      19
      16
      23
      23
       9
      22
      12
      19
      22
      22
      20
      21
      14
      23
      27
      25
      39
      29
      28
      21
      28
      21
      37
      21
      17
      21
      32
      31
      29
      40
      33
      26
      22
      31
      31
      24
      25
      24
      18
      23
      22
      31
      22
      30
      28
      23
      24
      20
      21
      30
      27
      22
      18
      24
      17
      22
      24
      19
      27
      11
      21
      25
      16
      12
      13
      11
      15
      17
      14
      13
      11
      18
      13
      13
      12
      18
      12
      13
      10
      13
      14
      19
      12
      16
      10
      15
      14
      16
       9
      13
       3
       7
      18
       7
       9
      18
      12
      11
      10
      13
       8
      10
       9
      12
       7
      10
       9
       7
       9
       8
       9
      10
       5
       8
       4
       7
       6
       8
      13
       4
       5
      10
       7
       8
      13
       7
      12
       5
       7
      11
       6
       5
       7
       9
       3
       6
      10
       4
      11
       5
       4
       8
       4
       5
       8
       6
       5
       6
       6
       9
      11
       8
       6
      11
       7
       5
       8
       7
      10
       5
       3
       6
       2
       7
       0
       5
       7
       6
       3
       8
       4
       7
       4
       7
       5
       7
       4
       4
       6
       9
       7
       5
       3
       4
       3
       4
       4
       0
       5
       3
       5
       5
       7
       3
       5
       6
       4
       5
       5
       3
       6
       3
       5
       2
       3
       2
       5
       2
      11
       5
       9
       3
       4
       4
       5
      12
       9
       7
       3
       5
       2
       8
      10
       6
       4
       4
       9
       5
       7
       4
       4
       5
       3
       7
       3
       6
       3
       4
       0
       6
       3
       1
       3
       5
       3
       3
       2
       8
       6
       4
       4
       5
       9
       7
       1
       6
       5
       2
       3
       4
       3
       3
       6
       4
       2
       5
       2
       3
       4
       2
       6
       2
       7
       2
       6
       4
       2
       3
       3
       1
       5
       5
       1
       1
       2
       4
       3
       2
       5
       9
       7
       2
       3
       4
       2
       4
       4
       2
       2
       1
       3
      10
       5
       1
       5
       1
       1
       3
       3
       8
       5
       2
       6
       5
       8
       1
       3
       7
       3
       3
       4
       4
       9
       5
       5
       1
       2
       5
       4
       3
       1
       1
       3
       4
       2
       3
       5
       6
       3
       1
       2
       4
       1
       2
       2
       2
       2
       0
       1
       2
       5
       2
       4
       5
       0
       3
       1
       1
       2
       2
       3
       3
       1
       0
       2
       4
       1
       3
       0
       1
       2
       1
       4
       2
       0
       3
       1
       0
       0
       3
       0
       1
       3
       1
       3
       1
       1
       2
       2
       0
       4
       1
       0
       0
       2
       1
       0
       4
       0
       1
       0
       1
       2
       0
       0
       2
       0
       3
       0
       0
       0
       1
       0
       0
       0
       0
       1
       0
       1
       0
       0
       0
       0
       0
       0
       1
       0
       0
       0
       0
       1
       1
       1
       1
       1
       0
       0
       0
       0
       1
       1
       0
       0
       1
       1
       1
       0
       1
       0
       0
       1
       0
       0
       1
       0
       0
       0
       1
       0
       0
       0
       0
       0
       0
       1
       1
       0
       0
       0
       0
       0
       0
       1
       0
       0
       0
       0
       0
       0
       1
       0
       2
       0
       0
       0
       1
       0
       1
       0
       1
       1
       1
       0
       1
       0
       0
       0
       1
       1
       2
       1
       0
       0
       0
       2
       0
       0
       0
       1
       0
       0
       0
       0
       0
       0
       0
       0
       0
       0
       0
       0
       0
       0
       0
       0
       0
       0
       0
       0
       0
       0
       0
       0
       0
       0
       0
       0
       0
       0
       0
       0
       0
       0
       0
$ROI:
0
$PRESETS:
Live Time
1200
0
$ENER_FIT:
47.423248 1.595783
$MCA_CAL:
3
4.742325E+001 1.595783E+000 1.708513E-003 keV
$SHAPE_CAL:
3
0.000000E+000 0.000000E+000 0.000000E+000
