$SPEC_ID:
none
$SPEC_REM:
DET# 1
DETDESC# Donnie Sheehan III - Easy-MCA-2k SN 14163589
AP# Maestro Version 7.01
$DATE_MEA:
04/10/2023 15:22:50
$MEAS_TIM:
1200 1200
$DATA:
0 1023
       0
       0
       8
      80
      49
      70
      60
      61
      64
      71
      71
      69
      81
      65
      78
      93
      89
      91
      88
      69
      90
      83
      98
      91
     110
      88
     107
     103
      95
      97
     111
     121
     146
     150
     195
     236
     313
     335
     337
     343
     316
     321
     293
     289
     269
     264
     274
     221
     218
     197
     232
     187
     220
     206
     211
     193
     200
     224
     203
     195
     203
     228
     209
     210
     199
     225
     204
     203
     196
     173
     199
     206
     191
     188
     180
     185
     196
     185
     177
     188
     174
     189
     189
     190
     173
     187
     195
     188
     189
     187
     169
     158
     173
     133
     171
     186
     163
     185
     157
     197
     146
     181
     171
     155
     153
     153
     174
     171
     136
     133
     168
     148
     148
     142
     141
     141
     129
     142
     130
     165
     133
     179
     116
     156
     149
     139
     125
     146
     163
     122
     142
     144
     133
     143
     134
     137
     118
     132
     135
     128
     149
     120
     152
     129
     122
     129
     123
     125
     128
     125
     125
     111
     113
     120
     116
     129
     101
     108
     110
      88
     115
     112
     104
      94
      99
     109
      95
      97
      98
      98
     101
      80
     105
      80
      84
      98
      95
      90
      86
      77
     100
      91
      88
      84
      93
     112
      84
      94
      81
      88
      88
      72
      89
      71
      89
      83
      81
      82
      93
      95
      81
      88
     112
     102
     100
     103
      91
      97
     118
     101
     101
      99
     115
      99
     120
     110
     109
     113
     115
     122
     131
     128
     126
     132
     122
     103
     118
     119
      99
     122
      86
     113
     112
      99
      92
     110
      99
      84
     112
      95
     103
      84
      66
      85
      76
      67
      77
      83
      74
      71
      93
      76
      80
      84
      79
      69
      62
      73
      57
      63
      70
      66
      78
      68
      75
      65
      69
      73
      66
      64
      61
      62
      55
      55
      58
      65
      48
      49
      58
      48
      53
      56
      47
      50
      45
      51
      59
      46
      56
      54
      39
      40
      40
      45
      58
      36
      46
      51
      42
      49
      46
      38
      43
      50
      46
      38
      38
      33
      43
      41
      53
      38
      37
      45
      36
      37
      37
      38
      40
      39
      37
      35
      42
      35
      35
      42
      42
      39
      34
      35
      31
      46
      34
      37
      48
      39
      36
      34
      44
      38
      35
      36
      32
      38
      38
      37
      26
      28
      29
      29
      38
      27
      38
      42
      46
      36
      28
      48
      39
      36
      30
      29
      30
      32
      45
      38
      39
      30
      37
      42
      30
      26
      23
      32
      36
      39
      23
      46
      30
      42
      33
      33
      36
      32
      39
      46
      29
      35
      39
      38
      28
      34
      42
      41
      35
      39
      32
      45
      41
      28
      28
      34
      44
      33
      25
      33
      33
      23
      37
      32
      31
      34
      23
      28
      29
      33
      32
      27
      26
      28
      34
      37
      35
      38
      31
      24
      23
      25
      36
      20
      34
      28
      33
      25
      23
      28
      37
      26
      24
      31
      21
      18
      19
      22
      24
      25
      18
      17
      19
      22
      31
      23
      18
      16
      23
      24
      22
      28
      24
      14
      29
      24
      18
      23
      22
      10
      14
      18
      17
      20
      15
      23
      20
      15
      19
      19
      17
      26
      16
      18
      16
      20
      15
      32
      10
      26
      15
      19
      22
      20
      29
      31
      20
      22
      29
      24
      33
      20
      20
      30
      24
      28
      22
      35
      32
      24
      38
      35
      31
      34
      27
      25
      31
      28
      25
      29
      23
      29
      22
      16
      20
      30
      25
      22
      25
      35
      23
      28
      23
      34
      29
      22
      25
      16
      22
      16
      17
      15
      28
      13
      15
      18
      11
      13
      23
      18
      23
      20
      19
      13
      14
      13
      15
      19
      18
      15
      15
      10
      16
      13
      11
      19
      10
       9
      10
      11
       6
      14
      12
      10
       9
       8
      14
      10
       8
       9
      12
       8
       4
       9
       7
       8
       8
       7
       8
      10
      14
      10
      12
      10
       5
      12
       7
       7
       8
       8
       5
       2
       6
       8
       8
       8
       7
       5
       8
       6
       7
      10
      11
       7
       5
       4
       6
       8
       9
       7
       5
       7
       9
       5
       8
      10
      10
       5
      13
       4
       4
       4
       3
       4
       8
       7
       4
       3
       5
       4
       3
       6
       8
       6
       2
       6
      10
       9
      10
       4
       3
       4
       2
       8
       2
      12
       3
       2
       8
       5
       2
       5
       7
       6
       9
       6
       5
       7
       5
       6
       3
       6
       8
       5
       8
       5
       4
       9
       4
       6
       5
       9
       8
       3
       4
       5
       4
       6
       7
       4
       6
       4
       9
       2
       7
       6
       5
       2
       5
       3
       5
       2
       1
       3
       3
       5
       3
       5
       3
       6
       6
       9
       3
       6
       1
       3
      10
       1
       3
       3
       1
       4
       4
       2
       1
       4
       4
       5
       5
       6
       5
       7
       6
       3
       5
       5
       2
       3
       2
       3
       6
       2
       2
       3
       3
       8
       5
       2
       6
       2
       2
       3
       8
       1
       1
       2
       5
       3
       1
       3
       1
       3
       4
       4
       3
       3
       3
       3
       1
       1
       3
       1
       3
       5
       9
      10
       1
       3
       2
       6
       1
       3
       3
       7
       2
       6
       6
       3
       3
       2
       1
       2
       4
       5
       2
       4
       4
       1
       3
       3
       6
       4
       8
       1
       1
       5
       4
       4
       2
       6
       0
       2
       0
       4
       3
       4
       3
       1
       4
       3
       2
       4
       6
       4
       1
       2
       3
       3
       1
       6
       3
       3
       5
       0
       3
       3
       4
       3
       0
       3
       2
       1
       3
       1
       2
       0
       1
       1
       1
       2
       1
       0
       2
       1
       0
       5
       0
       1
       4
       1
       1
       2
       4
       2
       2
       1
       0
       2
       2
       3
       1
       2
       3
       2
       2
       2
       0
       1
       1
       0
       1
       0
       0
       2
       0
       0
       0
       1
       1
       0
       0
       0
       1
       0
       0
       1
       1
       0
       0
       0
       1
       0
       0
       1
       0
       1
       2
       1
       0
       1
       0
       1
       1
       0
       0
       1
       2
       1
       0
       0
       0
       1
       0
       0
       0
       1
       0
       0
       1
       0
       1
       0
       1
       0
       2
       0
       0
       1
       0
       0
       1
       1
       0
       0
       2
       0
       0
       0
       1
       1
       1
       1
       1
       0
       1
       0
       0
       3
       1
       0
       0
       3
       0
       0
       0
       0
       0
       0
       0
       1
       0
       1
       0
       1
       0
       0
       1
       0
       1
       0
       0
       1
       0
       0
       0
       0
       0
       1
       1
       0
       0
       0
       0
       0
       0
       0
       0
       0
       0
       0
       0
       0
       0
       0
       0
       0
       0
       0
       0
       0
       0
       0
       0
       0
       0
       0
       0
       0
       0
       0
       0
       0
       0
       0
       0
       0
       0
       0
$ROI:
0
$PRESETS:
Live Time
1200
0
$ENER_FIT:
47.423248 1.595783
$MCA_CAL:
3
4.742325E+001 1.595783E+000 1.708513E-003 keV
$SHAPE_CAL:
3
0.000000E+000 0.000000E+000 0.000000E+000
