$SPEC_ID:
none
$SPEC_REM:
DET# 1
DETDESC# Donnie Sheehan III - Easy-MCA-2k SN 14163589
AP# Maestro Version 7.01
$DATE_MEA:
04/12/2023 13:06:36
$MEAS_TIM:
1200 1200
$DATA:
0 1023
       0
       0
      12
     117
      66
      57
      86
      62
      72
      78
      84
      78
      78
      78
      88
      99
     112
     103
     109
      96
     106
     101
      97
     102
     111
     136
     127
     128
     142
     120
     134
     146
     154
     173
     172
     183
     247
     235
     294
     379
     386
     421
     435
     466
     434
     403
     387
     416
     331
     342
     338
     338
     320
     319
     340
     344
     319
     323
     289
     321
     302
     334
     314
     293
     316
     312
     322
     307
     360
     299
     296
     310
     294
     302
     285
     297
     308
     306
     281
     254
     299
     285
     272
     283
     267
     284
     266
     274
     278
     268
     257
     294
     238
     259
     278
     249
     252
     227
     232
     252
     238
     231
     241
     252
     229
     224
     218
     234
     245
     225
     205
     219
     204
     204
     223
     209
     231
     219
     220
     230
     209
     201
     214
     190
     185
     182
     195
     180
     185
     211
     188
     191
     195
     178
     166
     165
     167
     182
     179
     177
     171
     159
     177
     185
     166
     161
     175
     164
     183
     174
     174
     174
     166
     169
     168
     161
     180
     155
     169
     167
     197
     170
     198
     145
     195
     204
     197
     188
     190
     193
     234
     212
     195
     185
     222
     202
     214
     235
     230
     258
     246
     227
     260
     266
     250
     241
     225
     239
     263
     238
     231
     216
     245
     230
     234
     210
     186
     166
     207
     203
     183
     168
     168
     131
     154
     143
     141
     157
     116
     142
     118
     122
     118
     113
      96
     101
     102
     100
      89
      88
     112
      78
      93
      71
      79
      90
      84
      76
      84
      76
      82
     110
      93
      88
      64
     102
      87
      77
      87
      96
      86
      76
      56
      71
      67
      73
      66
      65
      54
      77
      60
      55
      56
      66
      56
      72
      79
      69
      65
      56
      66
      54
      62
      61
      59
      45
      79
      52
      58
      41
      71
      55
      56
      54
      62
      43
      58
      62
      61
      63
      53
      65
      55
      61
      74
      62
      50
      47
      55
      53
      52
      41
      41
      49
      50
      47
      39
      45
      47
      39
      53
      52
      55
      34
      45
      44
      33
      40
      45
      35
      38
      39
      36
      38
      39
      47
      40
      45
      38
      39
      39
      42
      45
      44
      42
      46
      45
      28
      41
      44
      39
      37
      38
      48
      33
      32
      30
      40
      31
      40
      33
      38
      45
      30
      42
      28
      34
      42
      37
      25
      35
      44
      36
      39
      36
      32
      40
      29
      27
      37
      41
      28
      34
      30
      37
      30
      30
      44
      29
      34
      41
      33
      34
      29
      26
      40
      35
      32
      40
      25
      26
      31
      32
      26
      34
      43
      31
      35
      28
      25
      41
      35
      33
      29
      29
      32
      35
      24
      29
      31
      33
      24
      25
      41
      38
      33
      24
      25
      26
      29
      14
      39
      27
      30
      24
      39
      31
      28
      26
      38
      29
      36
      34
      25
      24
      29
      29
      28
      32
      27
      29
      28
      32
      31
      26
      41
      33
      25
      29
      29
      32
      30
      28
      38
      31
      32
      35
      31
      24
      24
      21
      22
      29
      23
      23
      35
      32
      32
      37
      24
      32
      25
      24
      26
      21
      25
      33
      20
      25
      32
      28
      23
      20
      15
      23
      19
      18
      26
      30
      14
      26
      20
      25
      15
      21
      25
      17
      19
      24
      18
      16
      22
      24
      23
      13
      30
      26
      20
      23
      27
      16
      19
      12
      27
      21
      19
      19
      20
      13
      17
      22
      13
      24
      27
      18
      21
      11
      15
      23
      19
      18
      20
      25
      16
      25
      17
      26
      13
      23
      18
      18
      18
      18
      18
      27
      31
      19
      31
      25
      30
      31
      31
      33
      36
      18
      38
      38
      28
      25
      26
      24
      25
      28
      28
      15
      26
      25
      28
      30
      30
      23
      26
      15
      33
      33
      23
      17
      29
      20
      21
      19
      26
      28
      23
      20
      20
      23
      15
      25
      26
      24
      19
      23
      19
      21
      19
      13
      17
       9
      14
      15
      12
       8
      12
      15
      17
      10
      13
      15
      21
      13
      11
      10
       8
      14
      12
      10
       6
      17
      12
      12
       7
      10
       8
      13
      11
      10
       9
      10
       9
      11
      11
       9
      11
      13
       7
       8
      12
       9
       6
       7
       7
       4
       9
       8
       8
       7
       4
       9
       4
       7
       4
      10
       8
       7
       8
      10
       6
       5
       5
       4
       7
      10
       8
       9
       9
       7
       8
       7
       8
       4
       5
       6
       5
       2
       9
       4
       2
      12
       7
       3
       6
      11
       6
       7
       7
       4
       8
       7
       4
       6
      10
       5
       9
       2
      11
       4
       4
       5
       3
       8
       5
       8
       5
       3
       4
       6
       1
       3
       1
       6
       2
       4
       5
       4
       7
       5
       5
       7
       4
       5
       4
       6
       8
       7
       5
       4
       4
       4
       6
       3
       3
       8
       7
       4
       8
       1
       2
       0
       8
       4
       9
       2
       4
       4
      11
       5
       8
       9
       7
       4
       3
       6
       5
       9
       1
       3
       7
       5
       4
       5
      10
       3
       2
       4
       5
       3
       6
       5
       6
       8
       4
       5
       4
       3
       5
       6
       6
       5
       1
       5
       3
       5
       3
       6
       1
       2
       3
       4
       5
       2
       3
       4
       5
       4
       7
       3
       3
       1
       2
       2
       2
       1
       1
       3
       5
       1
       3
       3
       3
       8
       3
       2
       3
       4
       2
       3
       3
       2
       2
       3
       1
       2
       4
       1
       2
       6
       2
       2
       4
       3
       4
       4
       3
       5
       4
       4
       1
       3
      10
       2
       0
       3
       1
       1
       3
       6
       1
       7
       3
       2
       3
       4
       7
       6
       7
       2
       4
       5
       8
       4
       5
       3
       2
       6
       8
       7
       5
       8
       4
       5
       5
       6
       5
       2
       1
       1
       4
       1
       4
       2
       4
       4
       4
       3
       1
       2
       5
       1
       3
       6
       5
       5
       2
       3
       3
       2
       5
       2
       2
       4
       1
       5
       1
       3
       3
       3
       4
       3
       4
       4
       3
       4
       2
       3
       5
       2
       1
       1
       1
       0
       4
       0
       1
       0
       1
       4
       2
       1
       1
       4
       1
       1
       0
       4
       4
       1
       2
       2
       1
       0
       1
       1
       1
       2
       0
       3
       0
       3
       1
       0
       0
       2
       3
       1
       0
       0
       1
       1
       0
       2
       0
       2
       0
       0
       0
       2
       0
       0
       1
       0
       0
       0
       0
       0
       0
       1
       2
       3
       0
       2
       1
       1
       1
       0
       1
       0
       1
       1
       1
       0
       2
       1
       0
       0
       0
       0
       0
       1
       0
       0
       0
       0
       0
       0
       0
       0
       0
       0
       0
       0
       0
       0
       0
       0
       0
       0
       0
       0
       0
       0
       0
       0
       0
       0
       0
       0
       0
       0
       0
       0
       0
       0
       0
$ROI:
0
$PRESETS:
Live Time
1200
0
$ENER_FIT:
47.423248 1.595783
$MCA_CAL:
3
4.742325E+001 1.595783E+000 1.708513E-003 keV
$SHAPE_CAL:
3
0.000000E+000 0.000000E+000 0.000000E+000
