$SPEC_ID:
none
$SPEC_REM:
DET# 1
DETDESC# Donnie Sheehan III - Easy-MCA-2k SN 14163589
AP# Maestro Version 7.01
$DATE_MEA:
04/12/2023 13:27:36
$MEAS_TIM:
1200 1200
$DATA:
0 1023
       0
       0
       9
     106
      52
      54
      55
      47
      52
      47
      55
      47
      59
      67
      66
      59
      77
      70
      91
      79
      66
      62
      70
      65
      78
      80
      76
      98
      74
      98
      89
      88
      96
     112
     121
     135
     148
     170
     207
     249
     262
     301
     285
     275
     270
     258
     256
     255
     218
     232
     208
     186
     217
     163
     195
     166
     171
     159
     190
     152
     191
     172
     173
     169
     183
     184
     179
     151
     187
     192
     167
     183
     159
     199
     182
     168
     189
     175
     179
     174
     168
     163
     170
     136
     182
     167
     162
     153
     158
     187
     141
     162
     152
     150
     144
     143
     143
     163
     153
     158
     141
     132
     130
     144
     134
     157
     157
     139
     159
     140
     173
     166
     147
     135
     131
     132
     142
     158
     173
     137
     139
     131
     157
     125
     116
     119
     116
     151
     135
     113
     123
     123
     131
     120
     115
     125
     116
     113
     110
     136
     127
     132
     108
     118
      98
     113
     114
     126
      90
     105
     100
     137
     104
     113
     113
     101
      89
     105
     108
      97
      98
      78
      89
      87
      92
     114
     101
      74
     106
     102
      84
      92
     101
      88
      84
      85
      93
      82
      80
      93
      79
      78
      95
      55
      71
      68
      78
      62
      78
      79
      71
      56
      69
      49
      69
      72
      73
      73
      77
      78
      69
      70
      68
      71
      72
      73
      76
      63
      63
      67
      60
      71
      68
      64
      63
      75
      69
      68
      68
      88
      67
      87
      64
      85
      80
      62
      84
      74
      78
      71
      79
      68
      59
      77
      88
      84
      65
      62
      80
      76
      72
      62
      85
      68
      74
      77
      61
      68
      79
      66
      76
      68
      72
      72
      74
      50
      73
      59
      57
      65
      60
      67
      58
      51
      54
      62
      49
      55
      53
      64
      54
      63
      55
      59
      47
      62
      51
      63
      68
      65
      60
      60
      45
      38
      46
      53
      46
      54
      59
      51
      50
      54
      31
      46
      52
      54
      52
      39
      45
      45
      43
      46
      42
      43
      34
      42
      42
      29
      39
      44
      40
      50
      31
      49
      37
      48
      47
      41
      46
      43
      39
      34
      43
      37
      40
      41
      53
      37
      55
      44
      44
      36
      28
      46
      32
      29
      38
      34
      31
      50
      37
      38
      32
      32
      40
      39
      30
      33
      31
      40
      34
      34
      36
      32
      50
      45
      23
      34
      41
      44
      35
      35
      41
      37
      35
      36
      30
      29
      30
      37
      34
      31
      31
      33
      44
      34
      40
      29
      21
      46
      45
      42
      26
      36
      43
      46
      20
      24
      28
      40
      28
      30
      29
      33
      39
      32
      26
      21
      31
      20
      31
      33
      20
      28
      34
      29
      31
      26
      26
      24
      40
      38
      25
      44
      32
      30
      32
      32
      32
      25
      35
      29
      41
      30
      26
      30
      25
      43
      28
      33
      28
      38
      31
      35
      46
      47
      34
      34
      32
      23
      37
      32
      26
      36
      22
      28
      27
      34
      28
      24
      26
      35
      26
      26
      22
      30
      19
      18
      23
      24
      25
      31
      17
      25
      24
      19
      16
      31
      34
      24
      25
      20
      26
      25
      28
      19
      33
      14
      29
      16
      25
      22
      20
      21
      26
      24
      20
      22
      22
      30
      24
      31
      23
      24
      13
      19
      26
      16
      21
      27
      16
      17
      13
      25
      25
      18
      18
      16
       9
      16
      19
      26
      15
      14
      18
      22
      18
      31
      24
      14
      14
      11
      12
      27
      24
      19
      29
      24
      27
      34
      23
      22
      20
      31
      18
      35
      28
      27
      38
      38
      20
      31
      21
      22
      31
      26
      30
      27
      27
      27
      23
      20
      25
      23
      23
      25
      20
      22
      18
      37
      24
      18
      18
      22
      25
      22
      20
      23
      11
      19
      17
      19
      19
      14
      16
      24
      22
      18
      13
      14
      16
      15
      17
      17
      18
      13
      15
       9
      10
      15
      12
      13
      14
      12
      16
      12
      18
      15
      18
      13
      10
       5
      14
      10
       7
      12
      13
      10
      18
      12
       6
      12
      12
       6
       7
       8
       7
      11
       5
       7
       8
       6
       5
      11
       6
       5
       8
      10
       6
       8
      11
      10
       9
      12
       5
       9
      10
      11
      14
       6
       3
       6
      13
       7
       7
      11
       7
       8
       4
       7
      10
       6
       9
       9
       3
       8
       6
       5
       4
       4
       9
      12
       4
       5
       6
       2
       4
       9
       9
       4
       4
       7
       7
       8
      10
       0
       5
       4
       4
       7
       8
       8
       8
       6
       5
       5
       4
       4
       3
       5
       6
       2
       3
       6
      12
       3
       6
       4
       7
       3
       7
       7
       4
       5
       5
       5
       0
       9
       3
       1
       3
       8
       6
       1
       5
       8
       3
       1
       4
       9
       3
       9
       2
       0
       4
       4
       4
       5
       7
       5
       5
       5
       6
       3
       5
       4
       7
       4
       5
       2
       8
       6
       2
       5
       4
       3
       4
       1
       6
       5
       4
       6
       3
       5
       8
       5
       3
       6
       3
       6
       1
       1
       2
       6
       5
       1
       5
       4
       4
       4
       6
       4
       1
       3
       3
       5
       1
       6
       2
       6
       4
       3
       5
       7
       3
       6
       4
       4
       0
       3
       3
       3
       2
       1
       1
       1
       4
       1
       3
       7
       4
       6
       2
       5
       1
       4
       1
       5
       2
       4
       2
       4
       0
       5
       2
       1
       2
       4
       4
       4
       0
       4
       6
       1
       3
       8
       4
       2
       3
       1
       3
       5
       7
       5
       5
       3
       3
       3
       3
       4
       4
       3
       5
       7
       6
       2
       3
       2
       6
       2
       5
      10
       2
       4
       4
       2
       4
       5
       1
       5
       6
       6
       2
       3
       3
       3
       3
       4
       4
       6
       4
       4
       6
       4
       5
       2
       5
       5
       1
       2
       4
       6
       3
       4
       4
       3
       0
       3
       3
       1
       0
       1
       3
       4
       3
       3
       4
       3
       1
       2
       2
       1
       3
       1
       2
       4
       2
       1
       1
       2
       2
       1
       0
       3
       2
       1
       1
       3
       2
       1
       2
       2
       0
       2
       1
       0
       1
       2
       0
       2
       0
       0
       3
       3
       2
       0
       1
       0
       0
       1
       0
       0
       2
       1
       1
       2
       0
       1
       1
       0
       1
       0
       1
       0
       0
       0
       0
       0
       0
       1
       1
       0
       0
       1
       1
       1
       0
       0
       0
       0
       0
       0
       0
       0
       1
       0
       0
       0
       1
       1
       0
       0
       0
       0
       1
       1
       0
       0
       0
       0
       1
       0
       0
       0
       0
       0
       0
       0
       0
       0
       0
       0
       0
       0
       0
       0
       0
       0
       0
       0
       0
       0
       0
       0
       0
       0
       0
       0
       0
       0
       0
       0
       0
       0
$ROI:
0
$PRESETS:
Live Time
1200
0
$ENER_FIT:
47.423248 1.595783
$MCA_CAL:
3
4.742325E+001 1.595783E+000 1.708513E-003 keV
$SHAPE_CAL:
3
0.000000E+000 0.000000E+000 0.000000E+000
