$SPEC_ID:
none
$SPEC_REM:
DET# 1
DETDESC# Donnie Sheehan III - Easy-MCA-2k SN 14163589
AP# Maestro Version 7.01
$DATE_MEA:
04/17/2023 13:23:57
$MEAS_TIM:
1200 1200
$DATA:
0 1023
       0
       0
       8
      93
      56
      41
      48
      34
      51
      61
      55
      60
      51
      62
      82
      83
      73
      79
      71
      75
      77
      68
      79
      66
      88
      90
      84
      82
      98
      90
     101
     115
     115
     140
     178
     215
     255
     264
     266
     264
     258
     250
     255
     250
     235
     210
     193
     200
     205
     189
     176
     183
     191
     201
     192
     181
     178
     190
     184
     205
     196
     158
     198
     190
     198
     190
     208
     170
     159
     201
     188
     166
     162
     165
     174
     168
     163
     181
     165
     169
     170
     156
     156
     148
     159
     158
     145
     178
     153
     169
     154
     159
     198
     139
     132
     167
     151
     158
     123
     147
     127
     134
     145
     166
     149
     138
     162
     149
     138
     145
     137
     148
     130
     156
     124
     120
     134
     123
     131
     148
     125
     121
     125
     120
     111
     121
     102
     107
     107
     123
     100
     127
     113
     114
     112
     106
     102
     106
     111
     115
      89
     107
      95
      96
      97
     112
     102
     109
     109
     105
      90
     107
      94
      84
      67
      98
      86
      81
      83
      89
      69
      87
      91
      68
      87
      69
      68
      80
      91
      78
      82
      75
      76
      71
      71
      73
      79
      76
      75
      63
      61
      82
      77
      76
      71
      65
      70
      76
      66
      69
      89
      77
      76
      72
      74
      63
      62
      72
      79
      54
      69
      75
      61
      74
      76
      68
      76
      56
      66
      82
      66
      69
      56
      62
      74
      65
      73
      70
      73
      64
      89
      69
      57
      67
      71
      70
      76
      69
      70
      72
      72
      66
      68
      63
      67
      77
      69
      59
      62
      69
      64
      68
      66
      72
      55
      55
      54
      68
      60
      65
      66
      63
      68
      66
      67
      62
      61
      61
      71
      48
      63
      65
      64
      55
      66
      49
      55
      55
      62
      53
      53
      58
      52
      45
      53
      35
      47
      58
      57
      42
      43
      59
      37
      40
      41
      39
      52
      52
      44
      45
      37
      42
      49
      47
      41
      38
      44
      47
      31
      35
      43
      33
      36
      32
      43
      48
      39
      53
      45
      51
      47
      42
      52
      27
      36
      42
      33
      48
      41
      37
      34
      36
      42
      28
      40
      33
      39
      41
      34
      32
      42
      33
      42
      42
      34
      33
      38
      29
      36
      38
      37
      30
      31
      37
      30
      31
      29
      29
      44
      38
      37
      32
      30
      38
      30
      37
      38
      32
      37
      31
      37
      29
      33
      34
      29
      41
      45
      30
      27
      32
      30
      37
      32
      31
      39
      37
      32
      47
      27
      36
      31
      34
      29
      38
      28
      35
      30
      36
      33
      27
      25
      33
      35
      33
      26
      27
      42
      36
      39
      31
      40
      35
      24
      41
      34
      28
      35
      33
      21
      26
      45
      39
      29
      23
      33
      33
      31
      23
      22
      39
      37
      26
      26
      21
      23
      27
      35
      26
      29
      19
      34
      26
      30
      19
      34
      30
      30
      16
      25
      25
      26
      16
      38
      28
      12
      25
      24
      19
      18
      18
      15
      19
      22
      23
      24
      21
      22
      24
      19
      23
      18
      13
      20
      15
      20
      18
      13
      18
      15
      13
      17
      23
      13
      19
      18
       9
      22
      22
      26
      21
      19
      22
      23
      26
      20
      25
      22
      31
      23
      20
      29
      27
      26
      17
      34
      31
      29
      26
      31
      29
      33
      34
      34
      22
      36
      22
      19
      27
      27
      20
      24
      31
      31
      23
      27
      19
      23
      17
      25
      23
      21
      19
      23
      26
      20
      19
      21
      26
      15
      24
      20
      24
      18
      30
      25
      17
      14
      19
      20
      22
       6
      21
      23
      21
      14
      13
      13
      16
      11
      15
      10
      11
      16
      11
      13
      17
      22
       7
      12
      15
      16
      12
      10
      11
       9
      13
      14
       9
      13
       9
      15
      10
      11
       9
       9
       9
       8
      11
      13
       8
      10
       6
       7
       9
       7
       5
      10
       4
      12
       5
       6
       4
       6
       7
       6
       9
      11
       8
       4
       4
       5
       4
      13
       7
       7
       4
       3
       7
       9
       3
      12
       5
       6
       6
      13
       6
       6
       8
      11
       4
       5
       5
       5
       9
       6
       5
       7
       5
       8
       4
       7
       4
       1
       3
       4
       6
      12
       3
       7
       1
       3
       4
       6
       4
       9
       7
       4
       5
       4
       4
       5
       7
       5
       4
       6
      10
       7
       6
       1
       5
       3
       6
       4
       7
       6
       5
       6
       5
       6
       9
       7
       4
       4
       7
       3
       6
       4
       8
       5
       5
       4
       7
       4
       1
       3
       4
       6
       6
       2
       5
       3
       2
       4
       6
       9
       5
       3
       3
       3
       4
       4
       2
       6
       2
       3
       5
       4
       5
       4
       3
       4
       4
       7
       5
       3
       4
       5
       7
       4
       5
       5
       7
       0
       5
       1
       2
       3
       3
       5
       3
       1
       7
       4
       5
       2
       2
       3
       4
       4
       4
       2
       1
       3
       2
       3
       6
       2
       7
       0
       1
       3
       3
       2
       5
       1
       4
       6
       4
       2
       2
       4
       1
       8
       5
       5
       8
       5
       1
       4
       8
       3
       2
       2
       3
       2
       3
       4
       6
       8
       2
       4
       6
       7
       5
       3
       2
       4
       8
       4
       4
       2
       4
       6
       4
       4
       3
       2
       4
       3
       4
       4
       6
       6
       4
       3
       4
       4
       5
       7
       4
       4
       2
       5
       1
       3
       2
       5
       3
       2
       2
       5
       6
       2
       0
       3
       3
       4
       4
       4
       3
       2
       1
       1
       3
       3
       1
       1
       2
       3
       1
       1
       0
       1
       2
       3
       3
       5
       1
       2
       1
       3
       1
       1
       0
       2
       3
       0
       2
       2
       2
       2
       2
       2
       1
       1
       0
       1
       1
       0
       0
       4
       2
       0
       0
       1
       1
       1
       0
       1
       0
       0
       2
       1
       1
       0
       0
       0
       3
       2
       0
       1
       1
       2
       0
       1
       2
       1
       0
       1
       0
       1
       0
       0
       0
       0
       0
       0
       0
       0
       0
       0
       0
       2
       0
       0
       0
       0
       0
       1
       2
       0
       1
       0
       1
       0
       1
       0
       0
       0
       3
       1
       2
       1
       0
       1
       1
       0
       1
       1
       2
       0
       0
       1
       0
       1
       1
       1
       0
       0
       0
       0
       0
       0
       0
       0
       0
       1
       0
       0
       0
       0
       1
       0
       1
       0
       0
       1
       1
       0
       0
       1
       0
       0
       0
       0
       0
       1
       3
       0
       1
       0
       0
       0
       1
       0
       0
       1
       2
       0
       0
       0
       0
       0
       0
       0
       0
       0
       0
       0
       0
       0
       0
       0
       0
       0
       0
       0
       0
       0
       0
       0
       0
       0
       0
       0
       0
       0
       0
       0
       0
       0
       0
       0
       0
$ROI:
0
$PRESETS:
Live Time
1200
0
$ENER_FIT:
47.423248 1.595783
$MCA_CAL:
3
4.742325E+001 1.595783E+000 1.708513E-003 keV
$SHAPE_CAL:
3
0.000000E+000 0.000000E+000 0.000000E+000
