$SPEC_ID:
none
$SPEC_REM:
DET# 1
DETDESC# Donnie Sheehan III - Easy-MCA-2k SN 14163589
AP# Maestro Version 7.01
$DATE_MEA:
04/17/2023 13:02:54
$MEAS_TIM:
1200 1200
$DATA:
0 1023
       0
       0
      12
     124
      52
      78
      57
      62
      67
      79
      72
      64
      66
     103
     108
      89
     125
     113
      99
     110
     110
     109
     112
     121
     128
     104
     137
     133
     132
     160
     206
     197
     199
     235
     294
     333
     379
     411
     449
     405
     387
     433
     354
     389
     352
     362
     325
     336
     318
     330
     309
     331
     317
     309
     302
     355
     292
     337
     291
     295
     298
     309
     299
     326
     335
     327
     311
     303
     312
     312
     333
     316
     302
     273
     316
     275
     288
     277
     285
     279
     254
     251
     249
     285
     258
     231
     271
     245
     273
     223
     235
     246
     251
     250
     198
     230
     200
     191
     243
     238
     265
     218
     237
     226
     190
     211
     220
     198
     225
     235
     221
     191
     163
     180
     208
     187
     203
     196
     180
     192
     187
     188
     193
     176
     189
     184
     181
     202
     203
     184
     186
     177
     180
     184
     225
     189
     198
     212
     208
     219
     230
     239
     227
     246
     271
     261
     257
     240
     240
     256
     225
     258
     243
     272
     253
     247
     215
     243
     224
     201
     215
     219
     214
     198
     187
     192
     153
     180
     147
     153
     155
     143
     136
     131
     133
     139
     112
      97
      95
     108
     102
      86
      88
      94
      87
      81
      81
      74
      71
      77
      88
      74
      58
      78
      77
      54
      75
      79
      73
      64
      77
      64
      51
      74
      69
      71
      61
      70
      69
      58
      74
      61
      68
      72
      73
      73
      62
      64
      80
      57
      63
      59
      79
      54
      73
      89
      69
      59
      71
      73
      75
      58
      60
      64
      66
      66
      72
      69
      63
      60
      68
      58
      59
      51
      54
      67
      63
      59
      70
      42
      61
      61
      69
      66
      56
      61
      56
      71
      69
      69
      59
      54
      78
      40
      53
      54
      60
      47
      59
      44
      68
      62
      50
      52
      45
      51
      45
      47
      38
      54
      48
      33
      35
      55
      41
      42
      48
      47
      36
      43
      54
      45
      46
      46
      40
      47
      42
      46
      40
      47
      42
      46
      45
      32
      37
      32
      37
      34
      35
      39
      37
      49
      46
      33
      42
      42
      35
      29
      40
      48
      43
      34
      23
      32
      43
      35
      43
      30
      37
      31
      31
      31
      34
      39
      30
      34
      36
      34
      42
      35
      37
      27
      30
      33
      33
      37
      32
      41
      33
      43
      37
      39
      34
      38
      32
      32
      33
      44
      27
      40
      29
      46
      36
      47
      25
      32
      30
      40
      38
      43
      32
      38
      32
      41
      23
      31
      22
      24
      25
      37
      32
      33
      50
      33
      55
      22
      47
      28
      44
      22
      43
      35
      31
      35
      33
      32
      44
      38
      27
      33
      34
      29
      37
      33
      32
      44
      30
      37
      30
      38
      29
      24
      33
      23
      31
      32
      30
      34
      24
      30
      24
      27
      32
      31
      36
      23
      33
      22
      22
      24
      13
      29
      24
      24
      16
      21
      27
      19
      19
      22
      24
      19
      28
      25
      20
      24
      15
      26
      20
      22
      25
      16
      23
      20
      17
      17
      18
      23
      17
      15
      25
      19
      13
      21
      24
      19
      16
      18
      16
      26
      11
      30
      24
      19
      19
      26
      17
      21
      30
      20
      25
      23
      20
      20
      27
      21
      23
      29
      22
      19
      22
      22
      22
      38
      18
      33
      43
      25
      33
      28
      27
      23
      25
      32
      29
      29
      34
      23
      26
      21
      25
      26
      16
      34
      16
      27
      34
      17
      26
      27
      24
      20
      23
      27
      20
      18
      26
      27
      29
      18
      16
      13
       8
      15
      20
      15
      15
      15
      17
      13
      14
      16
      13
       8
      14
      14
      17
      10
      19
      20
      15
      11
      11
      18
      13
      14
      18
      16
      19
      14
      14
      16
      17
      17
      11
       9
       9
      10
       6
      10
       9
       7
       9
      13
       8
       9
       6
       9
       8
      13
       5
       9
      11
      13
      11
       5
       4
      10
       6
      13
       4
       4
      13
       6
       9
      12
       6
       9
      10
       6
       6
       7
      11
       7
       6
      15
       5
       3
       8
       5
       8
       9
       9
       8
       6
       7
       5
       7
       2
       4
       5
       5
       6
       7
       6
       4
       8
      12
       6
       5
       5
       4
      10
       4
       4
       4
       5
       6
       6
       4
       1
       5
       2
       8
       7
       4
       8
       3
      11
       6
       5
       6
      10
       3
       6
       5
      10
       6
       7
       6
       2
       3
       6
       6
       6
       4
       6
       6
       6
       7
       7
       6
       5
       4
       9
       4
       7
       3
       5
       5
       4
       6
       4
       4
       5
       5
       7
       7
       4
       5
       3
       7
       2
       5
       5
       5
       3
       2
       2
       1
       4
       5
       3
       7
       9
       8
       4
       4
       8
       9
       3
       2
       4
       4
       6
       6
       5
       7
       0
       4
       6
       3
       5
       6
       2
       2
       3
       2
       6
       4
       4
       2
       5
       5
       0
       0
       1
       3
       4
       5
       2
       6
       3
       1
       1
       0
       0
       3
       2
       4
       3
       3
       3
       6
       2
       2
       6
       3
       1
       3
       5
       4
       3
       2
       5
       0
       4
       3
       2
       2
       2
       1
       3
       4
       1
       3
       2
       9
       5
       7
       5
       6
       5
       3
       8
       4
       2
       4
       5
       5
       0
       3
       6
       6
       3
       1
       6
       2
       6
       4
       4
       3
       3
       3
       6
       1
       1
       5
       1
       1
      10
       6
       3
       2
       3
       3
       5
       5
       8
       3
       4
       2
       2
       1
       3
       1
       2
       3
       5
       0
       0
       1
       2
       2
       3
       2
       5
       3
       2
       0
       3
       2
       1
       0
       0
       1
       2
       3
       1
       5
       1
       3
       0
       1
       1
       2
       1
       2
       2
       2
       3
       2
       2
       0
       2
       0
       1
       2
       0
       1
       1
       1
       0
       1
       0
       2
       0
       0
       0
       0
       1
       0
       0
       2
       1
       1
       2
       0
       0
       0
       0
       1
       1
       0
       0
       0
       0
       1
       1
       2
       0
       1
       0
       0
       0
       1
       3
       2
       1
       1
       1
       1
       0
       0
       0
       0
       1
       1
       1
       1
       0
       0
       0
       1
       1
       0
       0
       1
       0
       0
       0
       0
       0
       0
       0
       1
       1
       0
       1
       0
       0
       0
       1
       0
       0
       0
       2
       0
       2
       0
       1
       1
       1
       0
       1
       0
       2
       1
       1
       0
       0
       2
       1
       0
       0
       0
       0
       1
       2
       1
       0
       0
       1
       0
       1
       0
       0
       0
       1
       0
       0
       0
       1
       0
       2
       0
       0
       0
       0
       1
       0
       0
       0
       0
       0
       0
       0
       0
       0
       0
       0
       0
       0
       0
       0
       0
       0
       0
       0
       0
       0
       0
       0
       0
       0
       0
       0
       0
       0
       0
       0
       0
       0
       0
$ROI:
0
$PRESETS:
Live Time
1200
0
$ENER_FIT:
47.423248 1.595783
$MCA_CAL:
3
4.742325E+001 1.595783E+000 1.708513E-003 keV
$SHAPE_CAL:
3
0.000000E+000 0.000000E+000 0.000000E+000
