$SPEC_ID:
none
$SPEC_REM:
DET# 1
DETDESC# Donnie Sheehan III - Easy-MCA-2k SN 14163589
AP# Maestro Version 7.01
$DATE_MEA:
04/12/2023 14:11:42
$MEAS_TIM:
1200 1200
$DATA:
0 1023
       0
       0
       9
      85
      37
      45
      43
      32
      48
      42
      55
      56
      42
      61
      58
      59
      74
      70
      61
      67
      66
      65
      58
      76
      72
      73
      62
      70
      74
      75
      66
      96
      79
      94
     105
     116
     148
     150
     180
     233
     256
     237
     242
     245
     280
     224
     199
     209
     235
     213
     192
     200
     198
     190
     194
     186
     166
     193
     163
     173
     154
     172
     173
     172
     218
     175
     178
     184
     163
     187
     157
     180
     180
     168
     185
     162
     174
     213
     201
     181
     177
     161
     172
     160
     167
     160
     153
     159
     150
     160
     142
     152
     171
     162
     156
     170
     149
     136
     142
     145
     154
     145
     150
     162
     154
     152
     138
     136
     126
     162
     147
     174
     134
     135
     139
     149
     159
     144
     134
     148
     152
     142
     128
     121
     128
     142
     135
     129
     111
     129
     115
     101
     126
     106
     100
     132
     132
     101
     127
     111
      99
     128
     103
      84
     104
     109
     114
      99
     102
     104
      93
     108
      77
     103
      88
      93
     114
      97
      97
      87
      86
      99
      84
      89
      83
      86
      93
     103
     101
      75
      63
      80
      81
      79
      77
      75
      77
      70
      75
      74
      90
      72
      83
      66
      72
      70
      60
      75
      68
      78
      60
      55
      62
      70
      66
      58
      75
      54
      53
      60
      63
      54
      57
      72
      69
      80
      68
      74
      58
      80
      52
      48
      56
      63
      65
      41
      51
      70
      66
      69
      60
      63
      51
      66
      71
      69
      68
      52
      74
      68
      61
      65
      81
      68
      60
      66
      71
      66
      65
      60
      76
      66
      77
      64
      61
      47
      73
      56
      76
      61
      73
      85
      54
      67
      69
      65
      59
      57
      54
      86
      49
      51
      56
      55
      49
      67
      64
      69
      61
      65
      65
      58
      50
      64
      67
      60
      56
      61
      78
      60
      54
      54
      61
      63
      43
      61
      48
      69
      55
      42
      37
      62
      47
      48
      48
      48
      47
      48
      43
      50
      38
      40
      31
      42
      45
      38
      53
      47
      52
      40
      41
      38
      40
      48
      52
      39
      46
      42
      37
      48
      25
      31
      45
      35
      50
      31
      30
      36
      36
      42
      33
      36
      29
      29
      33
      46
      42
      59
      34
      37
      42
      48
      29
      35
      29
      35
      38
      40
      36
      26
      32
      36
      50
      26
      30
      34
      45
      31
      38
      32
      43
      24
      42
      31
      29
      38
      33
      30
      38
      30
      32
      31
      35
      25
      43
      30
      29
      29
      36
      43
      39
      37
      34
      30
      25
      38
      31
      28
      31
      38
      33
      21
      37
      34
      29
      28
      37
      39
      37
      37
      31
      37
      34
      36
      31
      41
      35
      30
      31
      30
      31
      37
      28
      33
      41
      31
      34
      35
      35
      32
      35
      46
      37
      26
      29
      26
      23
      32
      29
      31
      35
      43
      19
      23
      28
      35
      38
      32
      26
      27
      38
      31
      34
      28
      29
      35
      25
      29
      33
      26
      35
      28
      17
      29
      28
      40
      31
      25
      26
      20
      20
      35
      30
      20
      21
      34
      32
      18
      29
      15
      29
      29
      29
      23
      23
      20
      32
      20
      24
      19
      24
      16
      26
      14
      16
      22
      19
      15
      21
      18
      17
      22
      17
      16
      21
      18
      11
      18
      13
      16
      17
      20
      23
      24
      26
      12
      13
      24
      18
      16
      23
      10
      15
      19
      26
      24
      17
      15
       9
      16
       7
      18
      29
      27
      25
      20
      20
      24
      26
      19
      32
      24
      24
      23
      17
      27
      31
      22
      28
      16
      33
      33
      29
      29
      21
      33
      25
      34
      30
      21
      34
      22
      25
      26
      30
      31
      20
      24
      20
      19
      23
      19
      15
      19
      19
      19
      22
      22
      27
      28
      16
      23
      16
      28
      27
      25
      18
      17
      20
      24
      18
      15
      19
      10
      17
      15
      13
      10
      13
      21
      15
      21
      14
      20
      14
      10
       7
      12
      12
      10
      15
      12
      12
      12
      14
       6
      11
      17
      13
      11
       8
      13
       8
      14
      14
       5
      10
       5
       9
      13
       9
       6
      10
       7
       6
       6
       8
       7
      11
      10
       9
       7
      10
       6
       9
      14
       5
      13
       7
       8
      10
       8
       8
      10
       7
      12
       9
       8
      10
       9
       4
       8
       7
       7
       4
      14
       7
       7
       6
       8
       6
       3
       8
      11
       3
       7
       9
       8
       6
       4
       3
       6
       4
       5
       6
       4
       7
       5
       9
       6
       6
       3
       3
       5
       3
       5
       4
       7
       2
       2
       8
       4
       2
       2
       4
       7
       8
       4
       7
       3
       2
       4
       3
       6
       4
       6
       7
       5
       5
       6
       5
       5
       7
       1
       8
       9
       5
       5
       3
       1
       7
       5
       2
       1
       6
       4
       4
       3
       6
       6
       2
       9
       4
       4
       3
       2
       7
       3
       5
       5
       6
       2
       6
       6
       8
       5
       3
       3
       4
       6
       3
       8
       1
       2
      11
       5
       4
       5
       6
       7
       7
       4
       4
       2
       5
       3
       3
       4
       2
       8
       2
       9
       6
       3
       2
       7
       2
       5
       1
       5
       5
       6
       2
       3
       5
       1
       5
       3
       3
       4
       5
       4
       4
       6
       5
       8
       4
       1
       2
       1
       3
       4
       3
       3
       5
       3
       3
       1
       1
       2
       5
       4
       5
       2
       4
       0
       2
       2
       2
       2
       5
       7
       3
       3
       3
       0
       2
       2
      10
       7
       8
       3
       3
       4
       3
       5
       9
       3
       4
       2
       2
       3
       1
       5
       5
       7
       2
       4
       7
       3
       5
       5
       2
       3
       1
       3
       3
       4
       2
       4
       4
       2
       1
       5
       4
       7
       5
       3
       2
       5
       7
       5
       3
       1
       2
       2
       2
       7
       3
       0
       3
       2
       3
       1
       3
       3
       7
       1
       2
       1
       5
       4
       5
       3
       1
       1
       2
       2
       0
       1
       3
       0
       2
       1
       2
       2
       1
       1
       0
       1
       2
       2
       3
       1
       2
       1
       2
       0
       4
       0
       0
       2
       0
       2
       2
       1
       2
       1
       3
       1
       0
       1
       4
       0
       0
       2
       0
       2
       2
       0
       1
       1
       0
       1
       1
       0
       1
       0
       0
       1
       0
       1
       0
       0
       3
       0
       0
       0
       1
       2
       0
       1
       1
       1
       0
       0
       0
       1
       1
       0
       1
       3
       0
       0
       1
       0
       1
       1
       0
       0
       2
       0
       1
       0
       0
       0
       0
       1
       0
       0
       0
       0
       0
       0
       0
       0
       0
       0
       0
       0
       0
       0
       0
       0
       0
       0
       0
       0
       0
       0
       0
       0
       0
       0
       0
       0
       0
       0
       0
       0
       0
       0
       0
       0
$ROI:
0
$PRESETS:
Live Time
1200
0
$ENER_FIT:
47.423248 1.595783
$MCA_CAL:
3
4.742325E+001 1.595783E+000 1.708513E-003 keV
$SHAPE_CAL:
3
0.000000E+000 0.000000E+000 0.000000E+000
