$SPEC_ID:
none
$SPEC_REM:
DET# 1
DETDESC# Donnie Sheehan III - Easy-MCA-2k SN 14163589
AP# Maestro Version 7.01
$DATE_MEA:
04/12/2023 13:50:57
$MEAS_TIM:
1200 1200
$DATA:
0 1023
       0
       0
       4
      88
      62
      54
      62
      59
      62
      67
      64
      71
      71
      60
      72
      96
     104
     104
      92
     106
     103
      78
      94
     104
      94
      89
     118
     122
     117
     108
     126
     122
     147
     154
     164
     166
     206
     229
     287
     317
     372
     371
     364
     365
     358
     389
     356
     331
     388
     317
     314
     295
     295
     291
     260
     293
     286
     296
     279
     298
     293
     285
     281
     300
     292
     302
     330
     308
     330
     302
     312
     296
     315
     301
     280
     284
     284
     294
     271
     261
     271
     232
     227
     233
     242
     259
     264
     197
     240
     234
     219
     211
     231
     231
     196
     220
     237
     239
     213
     212
     237
     217
     194
     217
     211
     214
     215
     210
     190
     226
     212
     209
     209
     204
     198
     185
     188
     195
     200
     177
     203
     207
     196
     200
     187
     162
     198
     194
     185
     155
     180
     216
     198
     183
     205
     202
     193
     196
     195
     218
     184
     233
     236
     226
     279
     210
     235
     258
     262
     299
     238
     235
     248
     236
     251
     227
     231
     239
     234
     206
     198
     190
     195
     193
     181
     155
     178
     151
     141
     153
     136
     115
     120
     136
     117
     114
     112
     111
      95
      95
     117
      85
      81
      84
      82
      85
      71
      77
      78
      83
      75
      73
      69
      60
      71
      66
      63
      60
      69
      58
      61
      66
      66
      62
      55
      67
      65
      61
      54
      64
      62
      57
      69
      54
      53
      58
      59
      68
      75
      49
      68
      66
      58
      70
      69
      51
      64
      72
      59
      61
      69
      62
      54
      66
      64
      57
      65
      49
      71
      65
      63
      59
      65
      61
      65
      67
      69
      65
      62
      63
      71
      58
      78
      61
      60
      66
      70
      44
      55
      55
      56
      50
      65
      59
      57
      64
      53
      58
      71
      48
      55
      67
      57
      58
      54
      42
      57
      66
      51
      58
      51
      51
      41
      54
      54
      64
      57
      53
      50
      62
      47
      42
      48
      57
      42
      51
      57
      41
      45
      38
      52
      45
      34
      51
      49
      46
      50
      42
      44
      33
      40
      37
      41
      42
      40
      43
      32
      35
      38
      30
      45
      43
      35
      41
      49
      25
      36
      48
      31
      28
      47
      38
      40
      36
      41
      25
      34
      31
      37
      30
      31
      31
      31
      33
      34
      45
      29
      39
      35
      37
      28
      43
      39
      37
      37
      35
      43
      29
      31
      37
      27
      39
      32
      33
      38
      45
      34
      26
      31
      37
      28
      35
      30
      40
      41
      41
      34
      27
      33
      37
      26
      32
      36
      39
      39
      34
      30
      32
      32
      35
      33
      32
      30
      35
      25
      35
      27
      37
      27
      30
      31
      29
      40
      25
      30
      38
      29
      24
      29
      32
      28
      35
      33
      34
      28
      32
      34
      32
      23
      43
      34
      38
      29
      28
      31
      32
      27
      37
      34
      29
      41
      40
      33
      24
      25
      25
      22
      43
      38
      31
      27
      24
      21
      32
      23
      26
      35
      31
      33
      40
      22
      30
      24
      26
      28
      31
      22
      30
      31
      36
      25
      33
      24
      25
      31
      24
      26
      25
      24
      22
      17
      29
      16
      25
      11
      25
      19
      21
      39
      31
      20
      21
      19
      23
      17
      27
      22
      18
      13
      23
      20
      13
      19
      22
      20
      13
      23
      12
      17
      11
      18
      18
      22
      13
      22
      16
      11
      12
      13
      24
      17
      14
      18
      10
      16
      16
      16
      18
      17
      18
      14
      25
      22
      22
      14
      20
      19
      22
      15
      19
      24
      33
      26
      22
      27
      21
      21
      26
      23
      23
      17
      28
      32
      35
      23
      27
      30
      26
      20
      24
      23
      22
      28
      22
      26
      26
      19
      19
      34
      24
      25
      23
      21
      21
      18
      14
      14
      28
      23
      19
      27
      16
      21
      14
      13
      19
      15
      21
      14
      25
      21
      21
      15
      21
      17
      18
      10
      15
       9
      11
      16
      12
       9
      12
      17
      23
      15
      12
      11
      12
      17
      22
      10
      13
      11
      15
      11
      10
      10
       8
      11
      11
       7
       9
      12
       9
       9
       7
      10
      11
       8
       4
       8
       6
       9
      10
      12
      10
       7
       5
      10
       6
      12
       2
       7
      12
       8
      11
       8
       8
       7
      11
       5
      10
       8
       9
       2
       3
       8
      10
       8
      10
       8
       8
      10
      11
       7
       3
       4
       4
       7
      11
       8
       8
       2
       3
      10
       6
       5
       7
       3
       6
       6
       6
       6
       7
       3
       2
       4
       6
       5
       3
       6
       8
       5
      10
       6
       7
       2
       5
       7
       4
       3
       5
       3
       4
       1
       8
      11
       5
       8
       3
       4
       2
       6
       7
       4
       9
       2
       5
       4
       2
       4
       1
       8
       6
       3
       4
       5
       8
       4
       9
       4
       2
       3
       6
       5
       4
       6
       3
       6
       4
       6
       7
       7
       4
       6
       6
       3
       5
       7
       5
       3
       1
       4
       5
       5
       8
       3
       3
       2
       6
       5
       5
       5
       3
       3
       6
       3
       3
       6
       3
       5
       4
       4
       7
       3
       4
       7
       3
       6
       3
       3
       4
       2
       7
       4
       2
       6
       1
       4
       4
       6
       1
       1
       7
       2
       4
       1
       0
       4
       1
       2
       6
       1
       5
       1
       5
       1
       2
       6
       3
       1
       3
       5
       4
       0
       3
       2
       4
       3
       1
       3
       6
       5
       1
       3
       1
       6
       3
       5
       1
       4
       1
       6
       3
       6
       0
       5
       2
       3
       7
       4
       4
       2
       3
       3
       7
       5
       5
       4
       4
       4
       3
       5
       3
       5
       3
       5
       3
       3
       5
       1
       2
       3
       5
       3
       3
       5
       1
       6
       4
       3
       4
       1
       4
       1
       2
       5
       1
       2
       2
       4
       4
       2
       9
       4
       3
       1
       3
       2
       4
       3
       1
       3
       2
       2
       1
       2
       2
       1
       3
       5
       1
       2
       1
       0
       2
       7
       2
       2
       2
       2
       1
       2
       3
       1
       0
       3
       2
       1
       2
       4
       0
       3
       0
       0
       3
       2
       4
       2
       3
       0
       2
       2
       1
       0
       3
       2
       3
       1
       0
       1
       0
       2
       0
       1
       1
       0
       0
       1
       0
       2
       2
       1
       1
       1
       1
       0
       0
       2
       0
       0
       0
       0
       2
       1
       0
       0
       0
       0
       1
       1
       0
       0
       0
       1
       1
       0
       3
       0
       0
       1
       0
       0
       0
       1
       0
       1
       1
       1
       1
       0
       0
       1
       2
       2
       1
       0
       1
       0
       0
       0
       0
       0
       0
       0
       0
       0
       0
       0
       0
       0
       0
       0
       0
       0
       0
       0
       0
       0
       0
       0
       0
       0
       0
       0
       0
       0
       0
       0
       0
       0
       0
$ROI:
0
$PRESETS:
None
0
0
$ENER_FIT:
47.423248 1.595783
$MCA_CAL:
3
4.742325E+001 1.595783E+000 1.708513E-003 keV
$SHAPE_CAL:
3
0.000000E+000 0.000000E+000 0.000000E+000
