$SPEC_ID:
none
$SPEC_REM:
DET# 1
DETDESC# Donnie Sheehan III - Easy-MCA-2k SN 14163589
AP# Maestro Version 7.01
$DATE_MEA:
04/05/2023 15:37:31
$MEAS_TIM:
1200 1200
$DATA:
0 1023
       0
       0
       2
      86
      56
      50
      49
      34
      43
      61
      46
      52
      52
      48
      76
      70
      78
      75
      78
      72
      63
      76
      76
      80
      86
      76
      86
      79
      73
      86
      91
     128
     125
     134
     172
     178
     231
     236
     282
     261
     266
     301
     232
     274
     249
     255
     221
     237
     185
     205
     182
     207
     209
     170
     174
     198
     189
     173
     198
     199
     189
     207
     203
     191
     177
     169
     172
     192
     168
     205
     141
     190
     211
     203
     173
     175
     185
     190
     181
     181
     175
     173
     147
     193
     159
     163
     170
     160
     178
     170
     162
     157
     153
     133
     158
     149
     140
     162
     151
     144
     138
     161
     164
     139
     170
     135
     148
     124
     150
     136
     149
     149
     126
     147
     142
     120
     143
     138
     117
     128
     123
     123
     135
     133
     119
     104
     123
     116
     123
     119
     108
     129
     109
     123
     133
      84
     101
     109
     110
     109
     117
     107
     113
     105
     105
      92
      92
     103
     103
      94
     112
      84
      90
      98
     103
      72
      74
      99
      70
      87
     106
      84
      79
     102
      78
      85
      82
      70
      84
      81
      86
      76
      71
      79
      74
      60
      66
      64
      80
      67
      64
      82
      44
      76
      71
      65
      75
      62
      70
      59
      68
      63
      79
      52
      71
      60
      63
      69
      70
      58
      64
      53
      66
      71
      67
      85
      67
      56
      59
      69
      74
      71
      60
      63
      52
      78
      81
      66
      59
      61
      79
      73
      66
      65
      54
      80
      68
      74
      64
      63
      49
      68
      57
      68
      51
      57
      75
      64
      67
      63
      64
      64
      71
      61
      73
      59
      70
      57
      73
      61
      65
      55
      69
      66
      57
      69
      56
      52
      57
      61
      54
      55
      62
      60
      67
      50
      50
      46
      60
      45
      60
      52
      45
      53
      57
      53
      60
      46
      45
      41
      47
      42
      55
      55
      39
      52
      48
      48
      54
      48
      47
      48
      43
      46
      50
      42
      47
      31
      51
      48
      40
      37
      32
      39
      50
      32
      38
      36
      27
      52
      36
      37
      43
      37
      48
      54
      32
      44
      32
      34
      38
      43
      42
      31
      35
      31
      38
      26
      43
      55
      40
      42
      36
      38
      33
      39
      36
      38
      37
      54
      46
      40
      44
      35
      37
      28
      38
      43
      31
      34
      36
      28
      36
      26
      42
      35
      53
      43
      34
      40
      35
      38
      40
      35
      38
      27
      32
      36
      41
      36
      20
      25
      23
      38
      34
      33
      35
      37
      31
      35
      51
      27
      33
      50
      35
      38
      27
      33
      43
      46
      30
      40
      27
      29
      39
      32
      37
      36
      32
      31
      35
      33
      38
      42
      40
      23
      22
      41
      35
      30
      27
      29
      29
      41
      32
      33
      34
      27
      21
      25
      27
      34
      27
      34
      32
      32
      23
      30
      21
      36
      38
      24
      28
      34
      30
      33
      24
      23
      16
      23
      26
      23
      22
      24
      36
      24
      21
      32
      29
      32
      23
      19
      27
      26
      21
      21
      21
      22
      16
      17
      20
      23
      19
      18
      20
      12
      31
      17
      21
      19
      18
      19
      19
      18
      16
      24
      16
      12
      16
      33
      15
      16
      34
      22
      10
      19
      16
      18
      19
      19
      28
      26
      29
      19
      25
      25
      20
      29
      26
      30
      23
      27
      26
      30
      37
      21
      27
      31
      29
      33
      28
      40
      26
      31
      25
      31
      27
      22
      15
      26
      32
      26
      22
      27
      27
      25
      20
      20
      30
      27
      30
      22
      22
      18
      35
      35
      27
      21
      21
      17
      18
      24
      19
      18
      24
      24
      13
      16
      24
      16
      16
      17
      20
      10
      18
      15
      11
      13
      15
      16
      19
      14
      15
      10
      18
      16
      12
      17
      12
      11
       7
      10
       8
      14
      16
      11
      13
       8
      11
       8
      11
       6
       9
       7
      11
      13
       8
       7
       8
       4
      10
       4
      10
      12
       9
      11
      11
       3
       9
       8
       9
       1
      12
       9
       6
      12
       9
       5
       4
      10
       7
       4
       9
       5
       7
       7
       6
       3
       5
       8
       7
       5
       8
       8
       6
       3
       6
       8
       5
       3
       6
       9
       7
       8
       7
       5
       6
       9
       8
       8
       5
       8
       1
       5
       7
       4
      10
       6
       5
       5
       3
       7
       6
       4
       4
       6
       3
       8
       3
       5
      10
       5
       6
       5
       4
       9
       6
       8
       7
      11
       2
       8
       7
       5
       5
       2
       7
       3
       5
       3
       3
       6
       6
       6
       5
       4
       7
       3
       5
       3
       7
       5
      10
       3
       9
       6
       6
       6
       6
       6
       4
       4
       8
       4
       8
       1
       4
       6
       3
       9
       1
       4
       5
       7
       3
       6
      10
       9
       7
       2
       3
       3
       0
       2
       5
       5
       3
       4
       4
       4
       2
       2
       2
       5
       2
       8
       4
       6
       2
       6
       4
       8
       5
       1
       9
       0
       2
       0
       3
       6
       6
       2
       3
       3
       3
       4
       4
       3
       3
       5
       2
       1
       3
       1
       2
       7
       0
       2
       4
       1
       4
       7
       3
       3
       3
       4
       1
       3
       4
       3
       4
       6
       5
       8
       4
       2
       7
       4
       4
       5
       4
       5
       3
       5
       3
       1
       8
       6
       6
       4
       6
       1
       4
       8
       3
       0
       7
       7
       3
       4
       4
       4
       2
       5
       4
       0
       4
       3
       4
       1
       5
       3
       4
       6
       5
       2
       3
       1
       5
       3
       4
       2
       2
       5
       5
       3
       2
       1
       1
       2
       2
       1
       3
       2
       1
       2
       3
       5
       2
       3
       2
       1
       3
       2
       0
       0
       2
       2
       3
       2
       2
       4
       3
       1
       3
       0
       1
       1
       2
       1
       1
       2
       2
       1
       3
       2
       0
       0
       0
       1
       1
       0
       0
       1
       1
       1
       1
       2
       0
       0
       2
       2
       0
       1
       0
       1
       0
       2
       0
       1
       0
       0
       0
       0
       1
       0
       1
       0
       1
       0
       2
       1
       1
       0
       0
       0
       2
       1
       0
       0
       0
       0
       0
       0
       0
       0
       0
       0
       0
       0
       0
       0
       0
       2
       0
       0
       0
       0
       0
       1
       0
       1
       1
       0
       1
       2
       0
       0
       1
       0
       1
       1
       1
       0
       0
       1
       0
       0
       0
       1
       0
       0
       1
       2
       0
       0
       2
       1
       0
       0
       1
       2
       0
       0
       0
       1
       0
       0
       1
       0
       0
       1
       2
       1
       1
       0
       0
       0
       1
       1
       0
       0
       0
       0
       0
       0
       0
       0
       0
       0
       0
       0
       0
       0
       0
       0
       0
       0
       0
       0
       0
       0
       0
       0
       0
       0
       0
       0
       0
       0
       0
       0
       0
       0
$ROI:
0
$PRESETS:
Live Time
1200
0
$ENER_FIT:
47.423248 1.595783
$MCA_CAL:
3
4.742325E+001 1.595783E+000 1.708513E-003 keV
$SHAPE_CAL:
3
0.000000E+000 0.000000E+000 0.000000E+000
