$SPEC_ID:
none
$SPEC_REM:
DET# 1
DETDESC# Donnie Sheehan III - Easy-MCA-2k SN 14163589
AP# Maestro Version 7.01
$DATE_MEA:
04/17/2023 14:15:41
$MEAS_TIM:
1200 1200
$DATA:
0 1023
       0
       0
       6
      80
      46
      40
      40
      59
      40
      51
      39
      61
      63
      77
      69
      96
      87
      65
      67
      56
      69
      75
      70
      89
      99
     100
      84
      97
      89
      90
      85
     115
     119
     140
     174
     213
     217
     268
     304
     253
     238
     247
     270
     241
     242
     240
     222
     201
     205
     153
     199
     182
     209
     195
     203
     181
     178
     187
     182
     203
     207
     180
     174
     177
     205
     193
     192
     210
     201
     204
     192
     187
     186
     194
     182
     187
     175
     170
     167
     165
     205
     177
     181
     179
     178
     175
     165
     182
     163
     160
     181
     155
     190
     158
     188
     180
     165
     153
     163
     171
     179
     178
     182
     159
     132
     151
     153
     153
     118
     149
     153
     128
     144
     135
     136
     122
     147
     152
     123
     121
     120
     125
     131
     111
     144
     116
     116
     111
     139
     121
     113
     130
     100
     110
      93
     100
     105
      87
      85
      89
      91
      97
     112
      96
      83
     101
      82
      88
      83
      80
      97
      88
     101
      84
      81
      78
      86
      68
      77
      80
      68
      77
      86
      70
      71
      81
      81
      84
      69
      80
      76
      76
      67
      78
      66
      69
      68
      52
      65
      55
      73
      76
      77
      73
      63
      74
      70
      65
      71
      53
      75
      64
      75
      60
      67
      69
      60
      73
      52
      62
      58
      71
      53
      70
      66
      71
      72
      80
      64
      52
      89
      77
      63
      69
      59
      66
      69
      69
      78
      63
      58
      55
      59
      56
      68
      61
      48
      69
      54
      63
      68
      77
      60
      74
      58
      73
      66
      74
      71
      57
      56
      69
      57
      65
      65
      66
      60
      54
      45
      78
      62
      57
      67
      64
      52
      65
      61
      65
      54
      67
      69
      56
      40
      69
      46
      61
      52
      45
      48
      49
      43
      48
      54
      50
      56
      38
      50
      46
      42
      36
      42
      45
      53
      41
      52
      49
      36
      55
      60
      37
      38
      44
      40
      44
      47
      49
      53
      37
      49
      36
      40
      37
      30
      42
      36
      40
      33
      49
      27
      41
      36
      39
      67
      42
      34
      40
      31
      42
      34
      38
      44
      41
      35
      31
      55
      31
      45
      39
      34
      42
      43
      23
      35
      36
      45
      34
      39
      35
      42
      42
      30
      31
      26
      35
      41
      37
      35
      36
      44
      31
      37
      34
      26
      34
      30
      37
      44
      38
      37
      34
      40
      42
      34
      35
      37
      36
      28
      27
      38
      43
      43
      28
      41
      35
      32
      21
      28
      39
      35
      47
      33
      37
      29
      29
      29
      30
      35
      35
      44
      32
      48
      46
      32
      34
      32
      31
      29
      31
      34
      37
      30
      24
      29
      37
      42
      24
      26
      39
      38
      37
      36
      22
      34
      34
      38
      37
      32
      27
      52
      29
      28
      28
      25
      30
      21
      22
      21
      26
      24
      37
      33
      30
      35
      26
      27
      27
      17
      25
      23
      16
      22
      22
      24
      29
      19
      28
      27
      18
      25
      14
      30
      18
      18
      24
      15
      28
      22
      12
      23
      18
      18
      16
      19
      20
      24
      17
      19
      29
      19
      20
      17
      23
      21
      18
      21
      19
      18
      23
      21
      20
      20
      27
      20
      21
      19
      21
      19
      21
      16
      26
      24
      18
      33
      23
      31
      30
      31
      25
      17
      26
      29
      31
      25
      35
      25
      31
      30
      36
      29
      34
      27
      25
      27
      28
      28
      23
      25
      24
      23
      25
      25
      23
      25
      21
      25
      24
      28
      24
      30
      20
      26
      21
      29
      22
      17
      17
      33
      24
      25
      20
      14
      18
      19
      21
      12
      12
      19
      21
      18
      15
      21
      11
      13
      13
      13
      13
      12
      12
      13
      16
      14
      18
      13
       9
      13
      18
       8
       7
      11
       8
      13
      10
      13
      16
      11
      11
      10
      13
       7
       9
      10
       6
       6
       7
       9
       9
       6
       7
      10
      12
      11
       8
       5
      11
       8
       4
       8
       4
       5
       9
       8
       7
      10
       8
      11
      13
       3
       7
      10
      10
       7
       4
       2
       4
       6
       5
       8
       1
      10
       9
       5
      10
       5
       8
       6
       4
       5
       2
       9
       7
       6
      13
       6
       2
       3
      10
       4
       8
       9
       5
      10
       5
       5
       9
       5
       7
       5
       5
       1
       6
       7
       2
       4
       1
       7
       9
       5
       7
       5
       4
       9
       7
       5
       3
       9
       7
       0
       9
       9
       4
       5
       9
       7
       5
       7
       2
       6
       2
       7
       5
       8
       6
       4
       8
       8
       2
       2
       3
       5
       7
       8
       2
       7
       5
       8
       4
       5
       8
       7
       3
       3
       7
       8
       4
       5
       4
       8
       5
       6
       4
       3
       4
       3
       8
       6
       6
       7
       4
       4
       3
       2
       4
       5
       9
       6
       6
       3
       4
       4
       6
       5
       4
       3
       2
       2
       5
       3
       1
       5
       3
       3
       3
       3
       3
       2
       4
       3
       2
       4
       5
       2
       4
       4
       4
       1
       2
       2
       1
       4
       1
       3
       2
       3
       0
       1
       1
       2
       4
       7
       1
       3
       3
       1
       6
       4
       6
       1
       4
       2
       5
       5
       7
       6
       4
       4
       6
       4
       5
       7
       6
       7
       2
       3
       3
       3
       5
       3
       3
       4
      10
       2
       3
       4
       3
       3
       4
       2
       1
       3
       5
       5
       4
       4
       2
       1
       2
       4
       2
       2
       2
       2
       4
       3
       2
       3
       2
       4
       2
       2
       5
       2
       5
       1
       1
       2
       2
       4
       5
       1
       5
       3
       3
       2
       2
       5
       3
       1
       4
       3
       2
       2
       3
       4
       1
       1
       1
       0
       2
       2
       1
       2
       4
       1
       3
       0
       1
       0
       2
       0
       1
       2
       2
       1
       1
       0
       0
       1
       0
       3
       1
       1
       1
       1
       1
       0
       1
       2
       1
       0
       1
       0
       0
       0
       2
       0
       1
       0
       0
       0
       2
       0
       0
       4
       0
       0
       1
       0
       1
       2
       1
       1
       0
       0
       1
       0
       0
       0
       0
       0
       0
       1
       0
       0
       0
       1
       0
       0
       0
       2
       0
       0
       3
       1
       1
       0
       1
       0
       0
       0
       1
       1
       0
       1
       0
       1
       0
       1
       3
       1
       0
       2
       1
       0
       3
       1
       0
       0
       0
       1
       0
       0
       1
       3
       1
       1
       0
       0
       0
       1
       0
       2
       0
       1
       0
       1
       0
       0
       0
       1
       0
       1
       0
       0
       0
       0
       0
       0
       1
       0
       0
       0
       0
       0
       0
       0
       0
       0
       0
       0
       0
       0
       0
       0
       0
       0
       0
       0
       0
       0
       0
       0
       0
       0
       0
       0
       0
       0
       0
       0
       0
       0
       0
       0
       0
$ROI:
0
$PRESETS:
Live Time
1200
0
$ENER_FIT:
47.423248 1.595783
$MCA_CAL:
3
4.742325E+001 1.595783E+000 1.708513E-003 keV
$SHAPE_CAL:
3
0.000000E+000 0.000000E+000 0.000000E+000
