$SPEC_ID:
none
$SPEC_REM:
DET# 1
DETDESC# Donnie Sheehan III - Easy-MCA-2k SN 14163589
AP# Maestro Version 7.01
$DATE_MEA:
04/05/2023 15:17:01
$MEAS_TIM:
1200 1200
$DATA:
0 1023
       0
       0
       4
     105
      88
      57
      75
      76
      81
      62
      64
      60
      96
      77
     103
     140
     134
     127
     122
     119
     114
     121
     106
     150
     146
     138
     136
     149
     166
     156
     185
     243
     235
     274
     319
     361
     449
     500
     587
     537
     517
     556
     461
     456
     456
     416
     417
     426
     399
     406
     400
     408
     429
     401
     403
     398
     434
     394
     436
     428
     453
     445
     418
     412
     466
     431
     419
     408
     423
     408
     413
     410
     443
     407
     395
     384
     340
     349
     355
     380
     357
     322
     325
     308
     332
     327
     277
     309
     276
     327
     312
     307
     283
     302
     286
     281
     276
     285
     272
     304
     301
     273
     294
     285
     298
     283
     267
     267
     290
     303
     282
     285
     331
     307
     313
     314
     328
     365
     338
     362
     368
     468
     443
     430
     456
     500
     489
     484
     462
     417
     454
     504
     404
     460
     379
     399
     370
     327
     340
     333
     291
     279
     247
     230
     235
     183
     222
     208
     174
     164
     178
     159
     162
     137
     147
     115
     121
     128
     121
     116
     137
     116
     103
      99
     102
     106
      95
      89
      94
      97
      74
     102
      82
      80
      84
      67
      92
     100
      81
      64
      68
      70
      66
      62
      75
      64
      61
      86
      82
      69
      69
      62
      80
      63
      89
      79
      74
      76
      68
      66
      58
      53
      79
      51
      54
      73
      54
      64
      45
      78
      67
      75
      57
      76
      73
      71
      82
      68
      61
      65
      72
      72
      56
      58
      54
      70
      67
      73
      64
      59
      64
      52
      62
      67
      64
      55
      70
      73
      64
      69
      59
      79
      55
      69
      51
      75
      71
      74
      64
      54
      44
      57
      69
      70
      67
      71
      59
      41
      69
      53
      66
      56
      53
      60
      72
      72
      51
      51
      61
      47
      62
      48
      58
      49
      45
      43
      56
      39
      56
      43
      55
      54
      44
      47
      37
      46
      48
      44
      43
      42
      45
      40
      33
      52
      50
      39
      36
      37
      49
      38
      35
      35
      54
      45
      37
      46
      40
      39
      44
      32
      44
      40
      41
      39
      34
      47
      32
      44
      35
      36
      48
      40
      39
      38
      44
      33
      34
      39
      41
      31
      42
      34
      28
      38
      30
      38
      25
      34
      35
      30
      35
      25
      37
      28
      38
      48
      37
      43
      37
      35
      33
      32
      39
      31
      46
      34
      36
      37
      36
      34
      35
      33
      25
      34
      30
      30
      39
      18
      29
      44
      38
      27
      31
      40
      32
      33
      34
      35
      35
      33
      27
      35
      26
      35
      27
      39
      29
      31
      24
      40
      33
      32
      33
      38
      48
      29
      34
      38
      41
      38
      31
      39
      27
      31
      33
      35
      22
      27
      30
      39
      27
      31
      39
      31
      25
      24
      41
      35
      41
      23
      37
      38
      29
      23
      28
      30
      26
      38
      23
      32
      28
      26
      43
      29
      27
      16
      19
      23
      28
      26
      37
      32
      23
      23
      24
      28
      34
      23
      20
      17
      24
      27
      27
      18
      18
      18
      21
      27
      20
      29
      25
      24
      20
      19
      22
      29
      20
      20
      16
      25
      20
      28
      19
      15
      20
      13
      22
      19
      15
      24
      15
      18
      14
      14
      16
      16
      12
      17
      21
      15
      21
      30
      20
      23
      25
      19
      22
      28
      24
      27
      20
      24
      32
      31
      35
      23
      35
      37
      26
      18
      31
      25
      40
      25
      29
      32
      33
      29
      27
      19
      23
      28
      21
      34
      27
      19
      27
      22
      20
      26
      33
      27
      21
      19
      20
      22
      31
      21
      29
      24
      11
      16
      23
      21
      23
      20
      24
      12
      16
      30
      18
      22
      20
      14
      22
      15
      10
      18
      14
      23
      21
      14
      16
      11
      15
      19
       6
      11
      10
      18
      15
      11
      13
      14
       8
      11
      12
      10
      11
       6
      10
       8
      13
      13
      15
      11
       8
       7
       9
       6
       7
       7
      14
       8
      10
      10
       7
       7
      10
      11
      11
       8
       4
      16
      13
       8
       6
       4
       7
       9
       9
       3
       8
      11
       9
       7
       4
       6
       9
       5
       9
       6
       8
       7
       9
       7
       8
       7
       7
       8
      10
       6
       7
       8
       8
       5
       5
       3
      13
       5
       5
       6
       6
       5
       4
       5
       8
       7
       4
       9
       4
       6
       3
       2
       6
       5
       3
       2
       3
       5
       3
       4
       2
       5
       7
       3
       4
       1
       6
       5
       1
       4
       3
       1
       4
       3
       4
       5
       6
       5
       5
       7
       6
       5
      10
      10
       5
       5
       5
       1
       5
       9
       4
       6
       5
       5
       4
       6
       4
       5
       6
       8
       7
       7
       5
       4
       4
       3
       5
       2
       4
       5
       5
       4
      10
       1
       7
       3
       2
       4
       9
       5
       1
       3
       5
       3
       4
       5
       1
       3
       1
       7
       0
       2
       8
       4
       4
       2
       1
       3
       3
       3
       5
       4
       4
       1
       1
       6
       4
       0
       5
       4
       5
       5
       3
       4
       3
       6
       5
       1
       1
       3
       2
       3
       2
       3
       0
       3
       6
       2
       6
       5
       4
       3
       1
       3
       2
       6
       2
       2
       2
       2
       3
       3
       4
       7
       2
       1
       2
       4
       7
       2
       7
       6
       4
       5
       5
       4
       2
       6
       2
       4
       4
       2
       3
       9
       3
       6
       3
       2
       4
       4
       8
       2
       4
       6
       2
       2
       8
       3
       7
       0
       1
       1
       3
       2
       2
       5
       0
       5
       1
       3
       2
       4
       5
       1
       3
       1
       5
       3
       3
       1
       3
       6
       1
       6
       3
       1
       3
       0
       3
       0
       1
       2
       4
       1
       2
       1
       1
       2
       1
       0
       3
       1
       1
       1
       1
       0
       1
       0
       0
       2
       1
       0
       1
       1
       0
       0
       2
       0
       3
       2
       0
       2
       1
       0
       0
       0
       1
       1
       1
       1
       0
       0
       1
       0
       0
       0
       0
       0
       0
       2
       0
       1
       1
       1
       0
       1
       1
       2
       1
       0
       0
       0
       1
       0
       1
       0
       0
       1
       0
       1
       1
       0
       0
       0
       0
       0
       0
       0
       0
       0
       0
       2
       1
       1
       1
       0
       0
       0
       0
       1
       0
       0
       0
       1
       0
       1
       2
       0
       0
       0
       0
       0
       0
       0
       0
       0
       2
       0
       0
       0
       1
       0
       0
       0
       0
       2
       0
       0
       0
       0
       3
       0
       0
       1
       0
       1
       1
       1
       2
       2
       0
       0
       1
       1
       0
       0
       2
       0
       0
       0
       0
       0
       0
       0
       0
       0
       0
       0
       0
       0
       0
       0
       0
       0
       0
       0
       0
       0
       0
       0
       0
       0
       0
       0
       0
       0
       0
       0
       0
       0
       0
       0
$ROI:
0
$PRESETS:
Live Time
1200
0
$ENER_FIT:
47.423248 1.595783
$MCA_CAL:
3
4.742325E+001 1.595783E+000 1.708513E-003 keV
$SHAPE_CAL:
3
0.000000E+000 0.000000E+000 0.000000E+000
