$SPEC_ID:
none
$SPEC_REM:
DET# 1
DETDESC# Donnie Sheehan III - Easy-MCA-2k SN 14163589
AP# Maestro Version 7.01
$DATE_MEA:
04/03/2023 14:24:25
$MEAS_TIM:
900 900
$DATA:
0 1023
       0
       0
      36
     464
     150
     107
     101
      98
     134
     135
     203
     376
     692
    1613
    3314
    4800
    4751
    3530
    1868
     922
     478
     303
     245
     324
     316
     379
     398
     382
     386
     327
     304
     385
     475
     504
     680
     898
    1241
    1579
    1935
    2109
    2056
    1723
    1302
     944
     592
     383
     313
     219
     228
     224
     248
     247
     243
     248
     244
     253
     228
     240
     251
     211
     216
     248
     211
     223
     232
     236
     253
     237
     276
     268
     238
     308
     291
     294
     283
     251
     300
     263
     235
     285
     249
     253
     279
     264
     261
     255
     248
     260
     237
     249
     239
     242
     252
     224
     225
     228
     234
     211
     212
     218
     223
     193
     201
     217
     207
     189
     205
     199
     227
     234
     215
     228
     230
     285
     281
     277
     283
     303
     345
     349
     332
     355
     380
     418
     388
     462
     465
     480
     419
     417
     434
     431
     391
     366
     332
     339
     332
     307
     344
     398
     414
     458
     541
     604
     689
     743
     803
     809
     814
     846
     821
     828
     805
     696
     738
     684
     616
     541
     470
     470
     405
     389
     300
     300
     230
     250
     242
     195
     202
     195
     150
     118
     124
     133
     129
      97
      86
     107
      97
     108
      96
      77
      95
      94
      88
      88
      61
      69
      61
      82
      59
      65
      57
      68
      56
      57
      64
      52
      66
      69
      52
      59
      68
      58
      68
      58
      45
      59
      75
      44
      57
      47
      48
      59
      51
      50
      54
      47
      50
      59
      48
      35
      51
      45
      49
      62
      57
      60
      48
      61
      46
      50
      59
      45
      46
      51
      50
      64
      66
      66
      67
      68
      74
      58
      77
      79
      96
     108
      90
      95
     117
     110
     121
      97
     135
     124
     112
     118
     117
     146
     113
     126
     125
     110
     107
     104
     118
      97
      93
      78
      93
      93
      86
      65
      64
      60
      72
      67
      57
      57
      63
      61
      57
      46
      53
      48
      43
      46
      37
      40
      42
      41
      41
      47
      43
      34
      31
      26
      37
      35
      29
      34
      38
      38
      23
      21
      33
      30
      38
      45
      27
      34
      23
      16
      30
      26
      24
      23
      33
      25
      31
      30
      26
      16
      26
      29
      25
      23
      26
      26
      29
      25
      23
      31
      22
      36
      19
      28
      26
      32
      29
      25
      30
      31
      21
      23
      19
      23
      18
      25
      28
      25
      29
      34
      20
      27
      26
      24
      25
      20
      16
      21
      33
      23
      19
      17
      27
      38
      27
      30
      36
      22
      25
      26
      24
      31
      20
      26
      27
      24
      26
      22
      21
      30
      25
      27
      21
      26
      24
      23
      26
      19
      26
      25
      24
      32
      26
      22
      20
      27
      26
      20
      16
      19
      29
      20
      20
      13
      27
      24
      24
      21
      21
      24
      20
      30
      21
      19
      21
      21
      20
      11
      21
      22
      21
      19
      16
      20
      24
      13
      23
      13
      14
      13
      20
      18
      16
      13
      26
      13
      14
       7
      22
      16
      18
      20
      11
      12
      16
      16
      19
      14
      11
      15
      15
      12
      17
      15
      13
      11
       6
      15
      15
      10
      16
      11
      15
      14
      17
       7
      14
      18
      12
      13
      16
      14
      10
      13
      14
      20
      19
      25
      15
       9
       8
      20
      15
      17
      16
      16
      13
      22
      27
      20
      17
      17
      23
      29
      19
      17
      23
      11
      18
      12
      18
      19
      16
      20
      20
      22
      15
      19
      23
      21
      14
      16
      15
      26
      13
      15
      13
      15
      15
      17
      17
      14
      20
      16
      12
      20
      12
      14
      12
      16
      11
       9
       7
      12
      10
      11
       5
      15
      14
      10
       7
      12
       9
      14
       6
       9
      12
      11
      10
      10
       5
      12
      10
      10
      12
      22
       7
       9
       5
       5
      11
       7
      11
       5
       7
       5
       4
       6
       9
      10
       2
       8
       5
       9
       8
       3
       9
       9
       4
       7
      13
       8
       4
       6
       6
       5
       7
       6
       5
       9
       4
       7
       4
       8
       3
       5
       7
      14
       6
       4
       5
       7
       6
       4
       4
       7
       4
      11
       6
       2
       3
       7
       5
       1
       2
       7
       4
       4
       4
       5
       7
       5
       5
       4
       3
       5
       3
       8
       2
       5
       6
       1
       3
       7
       4
       5
       3
       4
       8
       2
       3
       6
       5
       1
       2
       3
       5
       2
       1
       4
       6
       4
       5
       5
       3
       4
       0
       2
       3
       3
       3
       5
       5
       4
       5
       3
       4
       3
       6
       4
       6
       5
       2
       0
       7
       3
       3
       3
       4
       1
       2
       3
       6
       3
       4
       6
       2
       4
       3
       4
       7
       2
       5
       4
       3
       2
       3
       1
       2
       4
       2
       3
       7
       3
       3
       8
       1
       4
       4
       4
       1
       1
       3
       4
       3
       3
       3
       3
       2
       0
       2
       3
       1
       2
       4
       1
       2
       1
       2
       2
       1
       1
       3
       1
       7
       3
       1
       1
       1
       1
       3
       0
       3
       3
       1
       5
       3
       1
       3
       1
       0
       2
       0
       1
       4
       1
       5
       3
       0
       8
       3
       0
       5
       4
       3
       6
       1
       3
       3
       2
       1
       6
       3
       4
       1
       5
       4
       3
       3
       3
       3
       4
       4
       4
       3
       3
       1
       2
       3
       3
       4
       4
       2
       2
       3
       1
       4
       7
       2
       4
       3
       6
       2
       2
       3
       6
       3
       3
       1
       4
       1
       2
       1
       0
       1
       1
       1
       2
       0
       1
       1
       0
       0
       0
       3
       3
       0
       2
       0
       0
       1
       0
       0
       0
       2
       0
       0
       1
       1
       1
       1
       2
       0
       0
       0
       0
       0
       0
       0
       3
       1
       1
       1
       1
       0
       1
       1
       0
       1
       0
       0
       2
       2
       0
       0
       1
       0
       0
       1
       1
       1
       3
       0
       1
       1
       0
       0
       1
       1
       1
       1
       0
       1
       1
       0
       0
       1
       0
       0
       0
       0
       2
       0
       0
       0
       0
       0
       0
       0
       1
       1
       0
       0
       1
       1
       1
       1
       0
       2
       1
       2
       0
       0
       1
       0
       0
       0
       1
       0
       0
       0
       0
       0
       0
       0
       1
       1
       0
       0
       0
       0
       0
       0
       0
       1
       1
       1
       0
       0
       0
       0
       0
       1
       0
       1
       0
       0
       0
       0
       0
       0
       0
       3
       0
       0
       0
       0
       0
       0
       0
       0
       1
       0
       0
       0
       1
       1
       0
       0
       2
       0
       0
       0
       0
       0
       0
       1
       1
       1
       0
       0
       0
       0
       1
       0
       0
       0
       0
       0
       0
       0
       0
       0
       0
       0
       0
       0
       0
       0
       0
       0
       0
       0
       0
       0
       0
       0
       0
       0
       0
       0
       0
       0
       0
       0
       0
       0
       0
       0
       0
$ROI:
0
$PRESETS:
Live Time
900
0
$ENER_FIT:
47.423248 1.595783
$MCA_CAL:
3
4.742325E+001 1.595783E+000 1.708513E-003 keV
$SHAPE_CAL:
3
0.000000E+000 0.000000E+000 0.000000E+000
