$SPEC_ID:
none
$SPEC_REM:
DET# 1
DETDESC# Donnie Sheehan III - Easy-MCA-2k SN 14163589
AP# Maestro Version 7.01
$DATE_MEA:
04/03/2023 14:51:35
$MEAS_TIM:
900 902
$DATA:
0 1023
       0
       0
      49
     555
     434
     443
     466
     472
     460
     481
     520
     489
     589
     555
     608
     667
     607
     656
     633
     579
     658
     623
     708
     694
     715
     678
     654
     628
     734
     681
     740
     755
     853
     895
    1078
    1314
    1519
    1635
    1678
    1516
    1410
    1328
    1206
    1104
    1076
     942
     801
     783
     797
     739
     728
     698
     747
     704
     729
     771
     722
     761
     734
     744
     785
     808
     753
     790
     796
     808
     778
     792
     821
     798
     810
     855
     772
     821
     799
     854
     762
     851
     823
     803
     772
     834
     873
     802
     805
     826
     846
     845
     854
     854
     867
     923
     985
     931
     922
     983
     991
    1009
     989
    1023
    1011
    1017
    1073
    1088
    1045
    1120
    1049
    1086
    1104
    1076
    1044
    1095
    1063
    1102
    1039
    1071
    1065
    1131
    1094
    1036
    1146
    1115
    1094
    1056
    1060
    1067
    1039
    1131
    1085
    1063
    1078
    1007
    1074
    1047
    1021
    1040
    1082
    1060
    1038
    1056
    1053
    1015
    1052
    1018
    1062
    1031
    1034
    1069
     987
    1019
    1052
     981
    1006
    1049
     976
     954
     969
     944
    1028
     944
     942
     949
     977
     969
     960
     964
     938
     908
     945
     955
     888
     905
     946
     925
     860
     947
     892
     925
     914
     919
     890
     896
     918
     874
     862
     899
     884
     856
     869
     827
     859
     896
     842
     867
     865
     868
     873
     856
     839
     883
     879
     894
     828
     864
     799
     828
     845
     875
     767
     833
     796
     847
     834
     852
     830
     868
     808
     858
     796
     779
     814
     787
     783
     839
     727
     805
     762
     780
     756
     819
     767
     785
     812
     759
     755
     746
     796
     774
     752
     755
     778
     708
     726
     757
     740
     819
     739
     737
     714
     812
     733
     789
     773
     812
     806
     757
     774
     838
     831
     827
     766
     734
     835
     839
     815
     834
     775
     829
     818
     826
     806
     766
     780
     729
     771
     735
     804
     745
     753
     739
     787
     797
     731
     727
     769
     714
     770
     743
     742
     753
     765
     758
     731
     763
     731
     708
     734
     752
     738
     763
     707
     683
     727
     741
     761
     755
     726
     771
     757
     791
     763
     767
     768
     743
     762
     784
     747
     793
     776
     764
     785
     803
     858
     824
     810
     799
     842
     873
     806
     859
     839
     877
     772
     835
     819
     813
     821
     796
     845
     811
     816
     791
     790
     743
     786
     789
     787
     680
     735
     775
     725
     687
     719
     647
     686
     671
     630
     644
     652
     594
     631
     640
     651
     572
     601
     563
     587
     585
     597
     604
     585
     600
     582
     553
     581
     617
     580
     581
     565
     552
     513
     546
     563
     557
     554
     510
     526
     527
     551
     486
     482
     486
     486
     504
     460
     530
     488
     529
     623
     567
     594
     675
     718
     766
     818
     939
    1002
    1020
    1120
    1205
    1287
    1448
    1411
    1510
    1519
    1588
    1703
    1716
    1679
    1679
    1668
    1680
    1613
    1568
    1527
    1533
    1557
    1490
    1415
    1354
    1295
    1170
    1145
    1101
    1094
    1094
    1062
     980
     935
     978
     938
     912
     867
     826
     866
     880
     897
     895
     958
     936
    1051
    1001
    1074
    1101
    1124
    1271
    1239
    1344
    1339
    1382
    1457
    1480
    1483
    1501
    1470
    1510
    1491
    1480
    1450
    1399
    1379
    1370
    1340
    1299
    1197
    1127
    1178
    1047
    1056
     997
     974
     917
     789
     879
     775
     800
     676
     735
     658
     620
     611
     602
     519
     516
     496
     465
     425
     436
     459
     397
     372
     358
     345
     320
     352
     296
     291
     293
     265
     266
     261
     229
     220
     247
     206
     187
     181
     193
     188
     149
     157
     129
     132
     146
     116
     109
     113
      90
      90
      94
      83
      86
      72
      72
      74
      52
      73
      58
      41
      70
      38
      44
      32
      35
      32
      43
      37
      27
      38
      31
      30
      31
      24
      19
      36
      29
      27
      24
      18
      27
      33
      28
      39
      26
      22
      29
      27
      26
      33
      27
      20
      21
      31
      20
      21
      27
      21
      18
      24
      16
      24
      25
      17
      12
      27
      27
      16
      23
      15
      14
      14
      16
      20
      14
      19
      23
      24
      15
      26
      19
      15
      17
      23
      19
      20
      18
      17
      22
      13
      17
      22
      21
      18
      24
      14
      21
      15
       5
       9
      16
      11
      16
      19
      13
      21
      11
      14
      15
      14
      22
      16
      18
      15
      17
      14
      15
      15
      11
      12
      12
      17
      15
      14
      26
      15
      12
      13
      21
      11
      11
      14
      18
      28
      13
      13
      13
      21
      10
      12
      14
      18
       9
      17
      10
      13
      17
      17
      15
      18
      12
      17
      14
      12
      13
      19
      12
       7
      17
      13
       8
      17
      20
      10
      13
      19
      15
      16
      12
      16
      19
      19
      17
      13
      20
       6
      19
      17
      14
      16
      21
      14
      11
      12
      12
      12
      13
      11
      13
      11
      17
       6
      16
      10
      12
      14
       7
      12
       8
       5
      15
      13
      14
      14
       5
      10
      11
       9
       5
      16
      12
       8
      10
      12
       9
       8
       8
       8
       8
       9
       5
       9
       6
       4
       8
       8
      13
       9
       5
       5
       5
      11
      11
      11
       4
       5
       6
      13
       6
       9
       7
      12
       8
      15
      12
      12
       8
      13
      19
      15
      16
       9
      17
      15
      19
       7
      10
      20
      13
      11
      10
      10
      13
      16
      16
       9
      15
      13
      19
      16
      13
      10
       8
      13
      12
      10
      10
      12
       6
       8
       9
       8
       5
       7
       9
       7
       8
       5
       5
       7
       7
       7
       6
       5
       6
       5
       2
       5
       5
       5
       6
       7
       5
       6
       2
       5
       8
       3
       5
       3
       3
       4
       1
       1
       2
       3
       2
       1
       3
       2
       1
       2
       2
       3
       3
       2
       2
       5
       1
       3
       3
       1
       1
       2
       3
       2
       1
       0
       1
       2
       0
       3
       3
       0
       0
       2
       2
       1
       1
       0
       3
       1
       1
       1
       2
       1
       1
       0
       1
       1
       0
       1
       0
       0
       3
       0
       0
       0
       0
       1
       1
       1
       0
       2
       1
       0
       0
       0
       0
       1
       1
       1
       1
       1
       1
       0
       2
       1
       0
       0
       3
       0
       0
       0
       0
       0
       0
       0
       1
       0
       2
       0
       0
       0
       0
       1
       0
       1
       1
       1
       0
       1
       1
       2
       0
       2
       1
       1
       1
       1
       0
       1
       0
       1
       0
       1
       1
       0
       0
       0
       3
       1
       1
       0
       0
       0
       0
       0
       2
       1
       1
       0
       1
       1
       1
       0
       0
       0
       0
       0
       0
       0
       0
       0
       0
       1
       1
       0
       0
       0
       1
       0
       1
       0
       0
       0
       1
       0
       0
       0
       0
       0
       0
       0
       0
       0
       0
       0
       0
       0
       0
       0
       0
       0
       0
       0
       0
       0
       0
       0
       0
       0
       0
       0
       0
       0
       0
       0
       0
       0
       0
       0
       0
       0
       0
$ROI:
0
$PRESETS:
Live Time
900
0
$ENER_FIT:
47.423248 1.595783
$MCA_CAL:
3
4.742325E+001 1.595783E+000 1.708513E-003 keV
$SHAPE_CAL:
3
0.000000E+000 0.000000E+000 0.000000E+000
