$SPEC_ID:
none
$SPEC_REM:
DET# 1
DETDESC# Donnie Sheehan III - Easy-MCA-2k SN 14163589
AP# Maestro Version 7.01
$DATE_MEA:
04/03/2023 13:59:37
$MEAS_TIM:
300 303
$DATA:
0 1023
       0
       1
      97
    1461
    1126
     909
     830
     787
     808
     895
     867
    1104
    1311
    2193
    4393
    7293
    9145
    8272
    5626
    3467
    2222
    1589
    1300
    1300
    1229
    1238
    1172
    1211
    1207
    1145
    1227
    1276
    1416
    1615
    1882
    2225
    2551
    2734
    2658
    2515
    2190
    2075
    1854
    1746
    1647
    1392
    1253
    1225
    1153
    1209
    1103
    1164
    1183
    1109
    1109
    1106
    1182
    1176
    1080
    1168
    1129
    1205
    1152
    1304
    1236
    1222
    1188
    1278
    1247
    1235
    1250
    1272
    1225
    1294
    1295
    1280
    1344
    1344
    1378
    1378
    1456
    1569
    1542
    1535
    1605
    1690
    1729
    1760
    1764
    1824
    1697
    1662
    1706
    1645
    1750
    1783
    1707
    1768
    1757
    1777
    1732
    1754
    1778
    1724
    1824
    1696
    1788
    1758
    1699
    1775
    1704
    1784
    1724
    1703
    1758
    1736
    1777
    1798
    1721
    1713
    1697
    1734
    1735
    1787
    1757
    1764
    1660
    1645
    1721
    1672
    1744
    1712
    1718
    1745
    1686
    1601
    1638
    1687
    1692
    1742
    1640
    1679
    1610
    1675
    1675
    1647
    1666
    1613
    1560
    1638
    1652
    1576
    1587
    1672
    1753
    1623
    1642
    1615
    1684
    1631
    1590
    1593
    1674
    1675
    1674
    1697
    1715
    1654
    1691
    1714
    1692
    1757
    1767
    1697
    1701
    1729
    1749
    1725
    1748
    1653
    1697
    1620
    1560
    1531
    1498
    1452
    1354
    1359
    1286
    1249
    1094
    1094
    1025
     969
     920
     917
     853
     779
     750
     728
     678
     690
     642
     637
     615
     592
     585
     537
     537
     532
     513
     490
     439
     460
     453
     459
     404
     453
     427
     386
     397
     374
     409
     331
     346
     350
     343
     354
     336
     328
     307
     337
     334
     364
     372
     452
     508
     627
     651
     851
    1069
    1265
    1551
    1841
    2301
    2901
    3171
    3769
    4213
    4909
    5528
    6023
    6277
    6864
    7458
    7796
    7902
    8067
    8127
    8169
    7886
    7823
    7479
    7133
    6740
    6580
    6091
    5719
    5107
    4747
    4423
    4006
    3716
    3468
    3221
    2889
    2775
    2527
    2252
    2092
    1951
    1805
    1578
    1480
    1331
    1230
    1200
    1093
     963
     909
     841
     703
     655
     620
     560
     491
     407
     386
     345
     315
     288
     221
     217
     166
     130
     120
     110
      73
      68
      63
      46
      39
      31
      46
      31
      31
      22
      17
      22
      20
      25
      16
       9
      15
      12
      18
      16
      10
      12
      20
      20
      11
       7
      10
      19
      19
      17
      20
      10
       8
      10
       5
      12
       7
      14
       8
      24
       8
      12
      10
      12
      17
      19
      10
      15
      15
       8
      15
      16
       9
       8
      18
      12
      15
      11
      10
       8
      11
      17
      13
      11
       7
       6
      14
      19
      12
      13
      11
      13
      11
      12
      12
      14
      12
       9
      11
       8
      18
      11
      10
      11
      14
      16
      15
      12
      10
       9
      12
       7
      14
      15
       7
      14
       8
       5
       8
      15
       7
      10
       9
       8
       5
      15
      12
      12
       7
       9
      12
       6
      10
      15
      14
      11
       9
      10
       9
      10
      13
       3
       9
      12
      10
      13
       5
       7
      14
       3
       3
       5
       4
       6
       6
       4
       6
       5
       2
       7
       8
       3
       5
       7
       2
      10
       7
       8
       9
       5
       4
       5
       6
       5
       8
       2
       4
       6
       9
       9
      11
       6
       2
      10
       7
       9
       8
       4
       6
      11
       2
       5
      14
       3
      11
       6
       6
       4
       4
      10
       9
       8
       2
       9
       8
       4
       4
       5
       7
       7
       4
      13
       6
      10
       7
      12
       7
       6
      10
       8
       7
       6
      10
       8
       2
      11
      10
       2
       9
       9
       2
       6
       7
       6
       9
       6
       4
       9
       5
       6
       6
       3
       7
       4
       6
       4
       5
       4
       4
       5
       2
       3
       7
       5
       2
       2
       1
       3
       5
       1
       5
       2
       5
       3
       9
       4
       4
       3
       4
       3
       3
       6
       4
       3
       7
       1
       4
       2
       4
       5
       3
       0
       4
       3
       5
       1
       4
       2
       4
       1
       2
       2
       1
       4
       1
       3
       1
       0
       3
       0
       1
       2
       0
       2
       5
       2
       1
       3
       2
       0
       3
       0
       2
       2
       0
       0
       1
       3
       0
       1
       1
       1
       2
       2
       3
       2
       0
       2
       4
       1
       1
       0
       0
       0
       3
       0
       3
       1
       1
       0
       1
       1
       2
       1
       2
       1
       3
       0
       1
       2
       0
       1
       1
       1
       1
       0
       0
       1
       0
       1
       0
       2
       3
       1
       0
       1
       0
       0
       0
       1
       0
       0
       1
       0
       1
       1
       0
       0
       0
       0
       0
       0
       0
       2
       0
       1
       0
       1
       0
       2
       1
       3
       1
       2
       0
       0
       0
       0
       3
       2
       1
       1
       0
       2
       0
       1
       2
       0
       0
       2
       0
       1
       3
       0
       2
       2
       1
       0
       0
       4
       3
       1
       1
       1
       2
       2
       1
       0
       0
       1
       0
       1
       0
       0
       1
       2
       1
       0
       1
       2
       0
       0
       2
       1
       1
       1
       0
       1
       1
       1
       0
       0
       2
       2
       0
       2
       0
       3
       2
       1
       1
       3
       1
       1
       0
       0
       1
       1
       0
       1
       0
       0
       0
       0
       0
       0
       0
       2
       0
       0
       0
       0
       0
       0
       2
       1
       1
       1
       0
       0
       3
       0
       1
       0
       1
       0
       0
       0
       1
       1
       0
       1
       0
       0
       0
       1
       1
       1
       0
       0
       2
       0
       1
       0
       2
       1
       0
       1
       1
       1
       0
       1
       1
       0
       1
       1
       1
       1
       1
       0
       0
       3
       1
       0
       0
       3
       2
       1
       1
       1
       2
       1
       0
       1
       0
       1
       2
       0
       1
       0
       0
       0
       0
       0
       0
       1
       0
       1
       0
       1
       1
       0
       0
       1
       0
       0
       0
       2
       0
       0
       0
       1
       1
       0
       0
       0
       1
       0
       1
       0
       0
       1
       2
       0
       1
       0
       0
       0
       0
       0
       0
       0
       0
       0
       0
       0
       0
       0
       0
       0
       0
       0
       1
       0
       0
       0
       0
       0
       0
       0
       0
       0
       0
       0
       0
       0
       0
       0
       1
       0
       0
       1
       0
       0
       0
       1
       0
       0
       0
       0
       0
       0
       0
       0
       0
       0
       0
       0
       0
       1
       0
       0
       0
       0
       0
       0
       1
       0
       0
       0
       0
       0
       0
       1
       0
       0
       0
       0
       0
       0
       0
       0
       1
       0
       0
       0
       0
       0
       0
       1
       0
       0
       0
       0
       0
       0
       0
       0
       0
       0
       0
       0
       0
       0
       0
       0
       1
       1
       0
       0
       0
       0
       0
       0
       0
       0
       0
       0
       0
       0
       0
       0
       1
       0
       0
       0
       0
       0
       0
       0
       0
       0
       0
       0
       0
       0
       0
       0
       0
       0
       0
       0
       0
       0
       0
       0
       0
       0
       0
       0
       0
       0
       0
       0
       0
       0
       0
$ROI:
0
$PRESETS:
Live Time
300
0
$ENER_FIT:
47.423248 1.595783
$MCA_CAL:
3
4.742325E+001 1.595783E+000 1.708513E-003 keV
$SHAPE_CAL:
3
0.000000E+000 0.000000E+000 0.000000E+000
