$SPEC_ID:
none
$SPEC_REM:
DET# 1
DETDESC# Donnie Sheehan III - Easy-MCA-2k SN 14163589
AP# Maestro Version 7.01
$DATE_MEA:
04/03/2023 14:07:08
$MEAS_TIM:
900 901
$DATA:
0 1023
       0
       0
      37
     312
     260
     260
     255
     273
     240
     263
     264
     292
     266
     358
     316
     386
     354
     371
     317
     345
     345
     342
     413
     390
     407
     403
     405
     375
     386
     410
     396
     467
     477
     588
     687
     843
     966
    1046
    1066
     939
     878
     774
     693
     683
     587
     531
     542
     473
     436
     412
     431
     402
     479
     399
     419
     445
     393
     456
     447
     426
     480
     459
     468
     464
     443
     426
     477
     437
     433
     493
     475
     489
     443
     468
     518
     510
     444
     513
     497
     535
     562
     522
     546
     569
     557
     546
     587
     568
     595
     595
     647
     612
     612
     590
     598
     603
     616
     622
     583
     627
     579
     588
     594
     596
     588
     568
     622
     573
     569
     579
     613
     597
     561
     587
     569
     614
     596
     589
     615
     607
     591
     561
     600
     599
     592
     560
     552
     637
     600
     544
     548
     554
     549
     591
     531
     576
     512
     547
     484
     490
     480
     454
     448
     440
     406
     422
     396
     414
     381
     388
     399
     365
     413
     349
     366
     355
     361
     378
     319
     361
     319
     341
     306
     298
     350
     314
     317
     314
     282
     324
     307
     343
     301
     291
     291
     313
     319
     295
     291
     299
     290
     285
     276
     281
     283
     293
     339
     360
     333
     388
     439
     532
     536
     707
     775
     966
    1130
    1269
    1471
    1552
    1733
    1998
    2093
    2274
    2184
    2318
    2310
    2324
    2333
    2181
    2115
    1966
    1814
    1660
    1559
    1427
    1266
    1137
    1047
     934
     849
     794
     677
     628
     612
     496
     501
     457
     438
     397
     398
     333
     308
     315
     277
     265
     235
     261
     250
     239
     214
     190
     204
     217
     209
     195
     205
     203
     200
     208
     192
     204
     185
     198
     217
     217
     209
     185
     229
     209
     220
     223
     194
     232
     196
     199
     211
     212
     225
     193
     186
     190
     184
     160
     152
     157
     176
     129
     143
     169
     133
     137
     140
     127
     127
     145
     128
     141
     141
     157
     141
     123
     139
      97
     108
     123
     120
     130
     120
     105
     104
     115
     106
     105
     117
      84
     113
     119
     113
     127
     104
     106
     101
     115
     114
     125
     134
     106
     114
     110
     133
     119
     131
     113
     127
     111
     108
     127
     134
     126
     115
     135
     112
      92
     123
     121
     109
     140
     149
     112
     135
     117
     130
     118
     124
     138
     131
     138
     125
     138
     134
     111
     127
     121
     147
     137
     123
     132
     124
     128
     141
     140
     125
     141
     124
     131
     125
     123
     110
     107
     112
     127
     112
     100
      93
     101
     102
      95
      94
      89
      85
      88
      80
      80
      94
      90
      76
      87
      84
      68
      86
      78
      68
      67
      69
      64
      61
      53
      73
      51
      47
      56
      72
      58
      55
      41
      53
      62
      51
      67
      53
      51
      56
      52
      38
      56
      43
      41
      58
      56
      60
      71
      62
      59
      72
     105
     102
     109
     130
     126
     123
     152
     180
     185
     181
     214
     220
     259
     294
     308
     313
     321
     305
     332
     349
     336
     336
     329
     317
     316
     332
     313
     284
     311
     326
     304
     252
     273
     234
     215
     234
     222
     208
     192
     221
     167
     180
     153
     171
     137
     132
     148
     135
     130
     134
     120
     123
     117
     113
      88
      91
      92
      96
      95
      96
      79
      66
      80
      67
      65
      86
      77
      54
      65
      79
      66
      76
      50
      52
      57
      58
      53
      49
      47
      51
      53
      51
      41
      47
      32
      28
      49
      37
      40
      25
      30
      41
      39
      24
      33
      31
      21
      18
      23
      18
      26
      23
      20
      27
      25
      21
      27
      23
      13
      17
      22
      16
      21
      23
      16
      17
      20
      12
      20
      13
      21
      17
      26
      19
      14
      13
      18
      18
      13
      13
       7
      16
      13
      12
      12
      14
      18
      15
      12
      11
       9
       6
      13
      20
       9
       9
       5
       6
      11
      14
      13
       5
      11
      14
      10
       9
      20
       8
      15
      16
      14
      22
      17
      16
      13
       9
      15
      26
      12
      17
      15
      20
      15
      13
      18
      23
      13
      17
      21
      13
      12
      16
      11
      17
       8
      17
       9
      10
      13
      16
      14
      11
      11
      14
      10
       9
      13
       4
       9
      10
       6
       7
       8
      13
      10
       6
       5
       8
       2
       4
       5
       2
       1
      10
       8
       2
       4
       5
       3
      10
       4
       4
       6
       7
       5
       2
       7
       8
       4
       5
       5
       5
       3
       3
       3
       5
       5
       3
       4
       2
       3
       5
       2
       4
       5
       4
       2
       0
       1
       2
       2
       5
       7
       7
       5
       2
       3
       2
       6
       3
       5
       1
       3
       4
       6
       4
       1
       4
       4
       1
       3
       1
       2
       3
       4
       8
       7
       5
       2
       2
       5
       3
       2
       4
       3
       2
       1
       2
       3
       2
       4
       3
       4
       1
       2
       4
       2
       1
       3
       5
       4
       1
       2
       0
       2
       4
       3
       2
       2
       3
       2
       3
       1
       4
       6
       1
       0
       1
       3
       1
       0
       1
       2
       1
       3
       2
       3
       2
       0
       5
       4
       2
       4
       3
       2
       2
       1
       2
       5
       2
       3
       2
       1
       4
       3
       3
       4
       5
       3
       2
       6
       4
       4
       7
       4
       4
       2
       4
       4
       5
       1
       4
       2
       4
       4
       2
       3
       4
       3
       4
       3
       3
       2
       3
       2
       4
       7
       3
       0
       4
       3
       4
       4
       5
       0
       3
       1
       2
       2
       2
       5
       0
       1
       1
       3
       1
       1
       2
       0
       5
       0
       3
       1
       0
       0
       4
       1
       4
       1
       3
       2
       0
       2
       1
       0
       0
       2
       3
       1
       0
       0
       0
       2
       0
       0
       3
       2
       1
       1
       0
       1
       4
       0
       2
       1
       0
       1
       0
       2
       0
       0
       0
       2
       0
       1
       1
       1
       0
       1
       1
       0
       2
       0
       0
       1
       0
       2
       1
       1
       1
       0
       0
       1
       1
       2
       0
       0
       0
       2
       1
       0
       0
       1
       0
       0
       0
       0
       1
       1
       0
       1
       0
       1
       1
       0
       0
       1
       0
       1
       2
       1
       1
       0
       0
       0
       0
       0
       0
       0
       0
       1
       0
       0
       1
       0
       1
       0
       0
       0
       0
       0
       0
       1
       1
       0
       0
       1
       0
       0
       0
       0
       2
       1
       1
       0
       0
       0
       0
       0
       1
       0
       1
       0
       0
       0
       1
       1
       0
       1
       0
       0
       0
       0
       0
       1
       1
       0
       0
       2
       1
       0
       0
       0
       0
       1
       0
       0
       0
       0
       0
       0
       0
       0
       0
       1
       0
       0
       0
       0
       0
       0
       0
       0
       0
       0
       0
       0
       0
       0
       0
       0
       0
       0
       0
       0
       0
       0
       0
       0
       0
       0
       0
       0
       0
       0
       0
       0
       0
       0
$ROI:
0
$PRESETS:
Live Time
900
0
$ENER_FIT:
47.423248 1.595783
$MCA_CAL:
3
4.742325E+001 1.595783E+000 1.708513E-003 keV
$SHAPE_CAL:
3
0.000000E+000 0.000000E+000 0.000000E+000
