$SPEC_ID:
none
$SPEC_REM:
DET# 1
DETDESC# Donnie Sheehan III - Easy-MCA-2k SN 14163589
AP# Maestro Version 7.01
$DATE_MEA:
04/24/2023 13:54:10
$MEAS_TIM:
1200 1200
$DATA:
0 1023
       0
       0
       7
      82
      55
      55
      59
      44
      44
      55
      46
      48
      61
      68
      73
      98
      88
      80
      71
      70
      61
      80
      83
      86
      74
      79
      82
     102
     100
      87
     114
     129
     142
     139
     157
     212
     265
     311
     289
     300
     276
     263
     229
     266
     246
     199
     213
     185
     202
     173
     184
     178
     177
     179
     189
     184
     197
     156
     194
     171
     196
     190
     167
     153
     184
     193
     155
     159
     162
     210
     174
     172
     197
     164
     161
     167
     165
     160
     147
     194
     167
     160
     156
     182
     179
     151
     183
     171
     133
     140
     168
     151
     163
     136
     147
     151
     128
     148
     154
     137
     153
     143
     137
     144
     122
     144
     119
     134
     118
     119
     141
     126
     135
     116
     141
     121
     123
     127
     126
     121
     122
     130
     134
     113
     122
     107
     103
      94
     109
     123
     100
     122
      94
     102
     105
     125
     107
     109
      96
     100
     127
      95
     113
     132
     114
     106
     113
      93
     117
     122
     108
      86
     101
      94
     123
     111
     103
     105
      90
      97
      99
     108
     100
      84
     100
      85
      98
      75
      89
      92
      71
      88
      83
      85
      81
      87
      81
      74
      67
      82
      82
      71
      76
      92
      78
      68
      66
      94
      87
      70
      67
      66
      70
      77
      70
      66
      80
      75
      89
      72
      81
      79
      89
      74
      70
      99
      81
      77
      74
      71
      62
      92
      79
      75
      92
      83
      94
      72
      86
      74
      65
      71
      94
      71
      83
      66
      84
      89
      71
      60
      77
      79
      62
      63
      84
      64
      58
      85
      68
      72
      83
      82
      86
      82
      60
      71
      69
      67
      83
      75
      59
      87
      66
      69
      65
      50
      71
      57
      68
      75
      63
      71
      61
      57
      59
      52
      70
      33
      56
      59
      48
      53
      44
      48
      59
      53
      48
      44
      58
      58
      36
      59
      43
      49
      66
      41
      34
      42
      57
      43
      56
      40
      37
      55
      44
      39
      45
      43
      43
      38
      52
      38
      30
      45
      40
      30
      40
      35
      33
      34
      50
      38
      31
      34
      40
      41
      33
      41
      37
      40
      34
      29
      37
      39
      29
      37
      37
      38
      30
      34
      38
      37
      30
      37
      45
      29
      32
      39
      46
      38
      33
      42
      31
      43
      34
      43
      43
      41
      36
      32
      28
      47
      28
      36
      41
      40
      46
      50
      39
      28
      24
      29
      37
      31
      28
      35
      26
      40
      36
      34
      31
      34
      24
      30
      30
      28
      35
      27
      35
      40
      37
      30
      37
      35
      31
      47
      41
      37
      34
      40
      29
      40
      34
      38
      29
      28
      37
      30
      41
      37
      33
      35
      28
      36
      30
      33
      25
      20
      27
      26
      35
      28
      27
      37
      23
      36
      25
      37
      30
      32
      26
      33
      39
      27
      36
      28
      30
      27
      29
      36
      28
      27
      33
      26
      22
      27
      17
      22
      21
      28
      29
      23
      27
      22
      20
      24
      20
      17
      29
      23
      30
      20
      15
      24
      14
      21
      26
      22
      14
      23
      23
      17
      23
      23
      21
      21
      18
      13
      19
      24
      16
      19
      20
      28
      22
      25
      16
      22
      26
      18
      23
      13
      11
      24
      14
      22
      21
      20
      23
      18
      28
      26
      31
      24
      27
      15
      24
      28
      18
      22
      34
      20
      33
      19
      23
      26
      45
      23
      25
      33
      30
      26
      25
      32
      32
      24
      31
      18
      25
      20
      32
      14
      30
      22
      24
      31
      22
      23
      18
      16
      21
      21
      24
      18
      19
      18
      14
      16
      18
      11
      24
      16
      16
      15
      13
      13
       8
      11
      25
      19
      17
      17
       8
       9
      15
      10
       7
      22
      12
      16
      13
      14
      13
      10
       9
       9
      11
      16
      11
      16
       9
       7
       5
       9
      11
      11
       9
       5
       8
      15
       6
       6
       6
       7
       9
      11
       9
       9
       4
       8
      15
       4
       7
      11
      11
       7
       8
      12
       8
       6
      10
       1
       8
       8
       9
      10
       5
       3
      12
       7
      12
       8
       7
       7
      10
       8
       4
       7
       3
      10
       5
       6
       3
       7
       6
       3
       6
       4
       6
       3
       8
      10
       5
       5
       7
       6
       2
       6
      10
       8
       8
       6
       5
       7
       1
       2
       6
       3
       6
       8
       1
       3
       4
      10
      11
       6
       7
       8
       6
       2
       6
       4
       2
       6
       7
       1
       4
       5
       8
       4
       4
       5
       4
       3
       3
       5
       5
       1
       4
       6
       5
       4
       7
       2
       4
       6
       3
      10
       5
       5
       5
       5
       9
       4
       4
       8
       3
       5
       4
       3
       8
       4
       3
      10
       4
       6
       2
       6
       2
       8
       6
       5
       3
       4
       6
       2
       3
       4
       1
       7
       3
       3
       4
       2
       2
       5
       6
       1
       3
       6
       3
       2
       4
       6
      10
       3
       2
       4
       4
       6
       2
       2
       1
       1
       2
       6
       1
       3
       2
       8
       2
       4
       2
       2
       4
       2
       2
       3
       6
       4
       3
       4
       3
       0
       2
       2
       4
       3
       7
       1
       0
       5
       1
       1
       2
       4
       6
       5
       4
       6
       2
       1
       4
       5
       3
       4
       3
       7
       3
       3
       7
       4
       3
       3
       4
       4
       1
       8
       1
       6
       6
       3
       2
       3
       3
       5
       2
       5
       7
       1
       3
       1
       6
       3
       2
       5
       3
       3
       2
       4
       2
       2
       3
       3
       6
       5
       3
       5
       3
       0
       3
       3
       3
       3
       1
       1
       4
       0
       2
       2
       2
       5
       0
       3
       0
       1
       4
       0
       1
       1
       2
       3
       2
       1
       0
       1
       0
       1
       1
       1
       3
       1
       3
       0
       2
       4
       0
       0
       0
       2
       2
       0
       1
       3
       1
       4
       2
       2
       1
       2
       1
       2
       0
       0
       1
       0
       2
       1
       0
       0
       1
       0
       0
       1
       0
       0
       0
       0
       0
       0
       0
       1
       0
       2
       2
       0
       1
       2
       0
       1
       1
       1
       1
       0
       0
       0
       0
       0
       0
       2
       0
       0
       2
       1
       2
       0
       0
       0
       0
       0
       1
       1
       0
       0
       0
       0
       0
       1
       0
       0
       0
       0
       2
       2
       1
       1
       0
       1
       1
       1
       1
       0
       1
       0
       1
       0
       1
       0
       0
       2
       0
       1
       0
       0
       0
       2
       2
       1
       0
       0
       1
       0
       0
       0
       0
       0
       1
       0
       0
       1
       0
       0
       0
       1
       2
       0
       0
       0
       0
       0
       0
       0
       0
       0
       0
       0
       0
       0
       0
       0
       0
       0
       0
       0
       0
       0
       0
       0
       0
       0
       0
       0
       0
       0
       0
       0
       0
       0
       0
       0
       0
       0
       0
       0
$ROI:
0
$PRESETS:
Live Time
1200
0
$ENER_FIT:
47.423248 1.595783
$MCA_CAL:
3
4.742325E+001 1.595783E+000 1.708513E-003 keV
$SHAPE_CAL:
3
0.000000E+000 0.000000E+000 0.000000E+000
