$SPEC_ID:
none
$SPEC_REM:
DET# 1
DETDESC# Donnie Sheehan III - Easy-MCA-2k SN 14163589
AP# Maestro Version 7.01
$DATE_MEA:
04/24/2023 13:11:15
$MEAS_TIM:
1200 1200
$DATA:
0 1023
       0
       0
       8
      99
      70
      69
      67
      74
      65
      67
      69
      68
      63
      88
      91
     121
     103
     112
     108
     107
     129
      88
      97
     125
     102
     120
     115
     106
     130
     122
     133
     154
     151
     184
     238
     277
     338
     311
     399
     331
     353
     304
     302
     289
     278
     273
     253
     228
     222
     214
     227
     207
     211
     199
     206
     205
     199
     240
     240
     221
     228
     223
     198
     190
     226
     214
     194
     217
     231
     232
     239
     217
     221
     205
     225
     228
     238
     192
     210
     212
     230
     220
     200
     219
     211
     209
     235
     220
     248
     218
     206
     231
     199
     224
     191
     210
     185
     212
     205
     180
     176
     166
     186
     189
     195
     200
     176
     177
     190
     197
     171
     181
     177
     195
     173
     182
     168
     184
     164
     179
     172
     182
     146
     172
     165
     178
     188
     163
     151
     177
     169
     168
     170
     166
     162
     181
     146
     172
     155
     143
     147
     140
     157
     150
     154
     159
     165
     164
     171
     143
     156
     146
     133
     134
     141
     148
     140
     157
     160
     143
     116
     127
     127
     133
     115
     131
     141
     143
     113
     126
     127
     108
     122
     126
     123
     108
     102
     111
     121
     103
     108
     106
     119
     105
     104
     111
     120
     114
     111
     109
     107
     110
     102
     102
      93
     106
      94
     122
     104
      95
      97
     116
     123
     109
     119
     102
     109
     115
     108
     119
     120
     119
     138
     136
     128
     113
     107
     154
     124
     158
     151
     174
     152
     154
     165
     166
     177
     182
     194
     202
     168
     200
     190
     172
     173
     184
     197
     209
     197
     199
     155
     168
     179
     181
     159
     130
     133
     127
     131
     115
     117
     133
     122
      95
     122
     101
     101
     109
      89
      98
     103
      82
      74
      69
      83
      66
      89
      72
      66
      70
      75
      63
      67
      40
      62
      71
      50
      38
      44
      55
      58
      58
      59
      55
      41
      37
      44
      52
      38
      44
      45
      35
      41
      41
      45
      50
      60
      38
      42
      33
      38
      41
      42
      28
      42
      38
      35
      40
      38
      36
      39
      31
      41
      36
      35
      32
      37
      38
      45
      38
      46
      41
      31
      44
      32
      29
      38
      29
      44
      38
      24
      30
      35
      39
      28
      40
      39
      42
      39
      33
      41
      43
      34
      34
      31
      32
      44
      28
      42
      27
      38
      34
      32
      28
      32
      27
      26
      51
      37
      36
      21
      37
      38
      23
      30
      33
      43
      39
      35
      34
      33
      34
      34
      31
      30
      37
      38
      32
      37
      25
      35
      34
      51
      27
      39
      37
      35
      42
      46
      22
      26
      25
      38
      26
      32
      29
      31
      36
      26
      33
      34
      32
      36
      33
      45
      34
      38
      24
      36
      28
      33
      31
      34
      34
      23
      29
      30
      29
      26
      32
      34
      25
      24
      39
      28
      25
      29
      22
      29
      23
      25
      18
      20
      30
      21
      25
      17
      28
      16
      28
      13
      22
      27
      23
      21
      28
      15
      11
      22
      19
      27
      25
      13
      25
      12
      26
      17
      20
      23
      14
      18
      22
      20
      17
      26
      24
      17
      16
      20
      16
      20
      26
      14
      29
      36
      22
      15
      21
      20
      17
      21
      23
      15
      23
      24
      17
      22
      22
      24
      25
      30
      26
      19
      26
      24
      32
      28
      29
      22
      28
      28
      14
      40
      23
      33
      19
      29
      39
      20
      32
      24
      23
      22
      29
      34
      25
      23
      24
      34
      24
      19
      20
      24
      23
      16
      23
      25
      33
      17
      21
      20
      21
      23
      25
      29
      26
      14
      21
      22
      23
      15
      15
      12
      14
      21
      11
      11
      13
      17
      16
      17
      17
      14
      17
      16
      17
      12
       8
       8
      15
      17
      13
      12
      12
      21
      11
      10
      13
      12
      11
      11
      17
      10
      13
      10
       8
      11
       8
      14
       4
      10
       9
       6
       5
      10
      14
       8
      14
      10
       5
       6
       9
       8
      10
       7
      12
       6
       6
       3
       8
       6
       7
       5
       7
      12
       5
       6
       9
       6
       5
       7
       3
       3
       3
      10
       7
       3
       8
       5
       7
       6
       6
       4
       7
       9
       8
       2
       3
       7
       6
       3
       6
       3
       9
       6
       9
       5
       3
       7
      10
       4
       8
      11
       5
       3
       2
       7
       5
       7
       6
       6
       7
       5
       4
      10
       7
       2
       2
       1
       4
       6
       4
       6
       9
       1
       6
       5
       7
       4
       5
       4
       6
       7
       5
      10
       7
       6
       4
       3
       6
       3
       9
       2
       8
       6
       4
       7
       5
       6
       5
       7
       4
       8
       1
       6
       4
       5
       5
       8
       3
       6
       2
       6
       8
       4
       3
       4
       6
       5
       5
      11
       6
       7
       4
       7
       2
       6
       3
       2
       2
       2
       2
       2
       9
       8
       4
       5
       2
       2
       2
       1
       5
       5
       4
       5
       2
       2
       4
       0
       4
       4
       1
       6
       2
       3
       2
       5
       5
       2
       2
       3
       2
       3
       3
       2
       3
       7
       6
       4
       3
       4
       3
       1
       2
       3
       5
       1
       4
       2
       3
       1
       6
       7
       1
       6
       4
       4
       4
       6
       4
       7
       4
       6
       5
       6
       6
       4
       8
       4
       1
       5
       5
       3
       4
       2
       3
       4
       6
       4
       3
       3
       3
       5
       4
       0
       1
       4
       5
       5
       2
       2
       1
       3
       3
       2
       5
       2
       4
       5
       2
       2
       4
       3
       4
       2
       1
       2
       3
       1
       1
       3
       5
       4
       4
       2
       1
       1
       1
       2
       5
       1
       1
       1
       1
       3
       0
       1
       2
       0
       3
       2
       3
       2
       1
       1
       2
       2
       1
       1
       3
       2
       2
       2
       2
       1
       2
       1
       1
       2
       1
       0
       1
       3
       1
       2
       2
       1
       1
       2
       0
       0
       0
       0
       3
       1
       0
       2
       2
       0
       0
       2
       0
       1
       1
       0
       1
       1
       0
       0
       1
       1
       0
       1
       0
       1
       0
       1
       0
       0
       0
       2
       1
       0
       2
       0
       0
       0
       1
       0
       2
       0
       0
       0
       2
       0
       0
       1
       0
       1
       1
       0
       0
       1
       0
       0
       1
       2
       0
       0
       0
       0
       0
       1
       0
       0
       0
       0
       0
       1
       2
       0
       4
       2
       0
       0
       1
       1
       0
       0
       0
       1
       1
       4
       0
       1
       0
       1
       1
       0
       0
       0
       1
       0
       1
       0
       1
       0
       0
       0
       1
       0
       0
       0
       1
       1
       1
       0
       0
       1
       2
       0
       0
       0
       0
       0
       0
       0
       0
       0
       0
       0
       0
       0
       0
       0
       0
       0
       0
       0
       0
       0
       0
       0
       0
       0
       0
       0
       0
       0
       0
       0
       0
       0
       0
$ROI:
0
$PRESETS:
Live Time
1200
0
$ENER_FIT:
47.423248 1.595783
$MCA_CAL:
3
4.742325E+001 1.595783E+000 1.708513E-003 keV
$SHAPE_CAL:
3
0.000000E+000 0.000000E+000 0.000000E+000
