$SPEC_ID:
none
$SPEC_REM:
DET# 1
DETDESC# Donnie Sheehan III - Easy-MCA-2k SN 14163589
AP# Maestro Version 7.01
$DATE_MEA:
04/24/2023 13:32:40
$MEAS_TIM:
1200 1200
$DATA:
0 1023
       0
       0
       7
     100
      63
      65
      62
      84
      65
      70
      63
      75
      63
      96
      85
      98
     113
      96
      86
      88
      85
      98
      93
      95
     110
     118
     118
     117
     128
     130
     130
     160
     184
     208
     243
     271
     336
     345
     361
     358
     373
     308
     329
     288
     258
     238
     262
     238
     249
     221
     221
     207
     210
     227
     218
     234
     223
     207
     230
     235
     230
     224
     224
     236
     232
     220
     232
     188
     205
     196
     221
     235
     195
     193
     199
     208
     209
     200
     202
     230
     222
     191
     186
     206
     201
     217
     231
     210
     205
     232
     201
     225
     194
     218
     186
     184
     186
     188
     195
     183
     198
     199
     184
     161
     184
     158
     170
     178
     185
     157
     155
     153
     164
     170
     186
     147
     177
     164
     162
     150
     157
     165
     158
     168
     156
     142
     134
     142
     140
     154
     139
     161
     134
     168
     125
     154
     161
     156
     149
     154
     153
     126
     149
     150
     126
     144
     134
     152
     112
     132
     133
     133
     136
     134
     135
     122
     127
     132
     119
     121
     137
     134
     130
     138
     129
     131
     119
     117
     122
     101
     119
     113
      89
      96
     105
     109
      98
      99
      92
     107
      94
      98
      94
      96
      89
      87
      97
     100
      91
      94
     101
      97
      84
      79
     100
      96
      96
      80
      87
     109
     100
     102
      93
      85
      96
     125
     108
     103
     104
     111
     112
     114
     114
     116
     130
     128
     131
     110
     104
     135
     164
     143
     148
     156
     135
     157
     169
     166
     195
     153
     172
     178
     151
     172
     202
     178
     184
     196
     186
     184
     189
     186
     167
     140
     162
     124
     150
     147
     151
     140
     127
     101
     116
     113
     117
     102
     117
      99
     101
      99
     100
      81
      88
      81
     101
      70
      88
      70
      82
      65
      60
      61
      52
      55
      58
      61
      51
      48
      56
      62
      50
      54
      47
      39
      57
      43
      42
      45
      45
      57
      40
      40
      51
      38
      29
      46
      38
      34
      44
      44
      46
      58
      34
      39
      37
      42
      39
      35
      37
      37
      31
      39
      41
      48
      35
      42
      49
      32
      39
      39
      37
      32
      40
      31
      38
      27
      30
      36
      42
      42
      38
      40
      29
      35
      42
      41
      39
      31
      46
      35
      28
      33
      32
      33
      35
      49
      28
      46
      31
      26
      42
      39
      37
      48
      35
      52
      19
      36
      37
      36
      34
      28
      33
      19
      39
      39
      32
      40
      38
      39
      40
      30
      24
      39
      26
      39
      34
      31
      36
      39
      30
      40
      31
      32
      28
      24
      24
      38
      34
      37
      41
      32
      37
      33
      33
      35
      26
      35
      31
      25
      42
      37
      36
      35
      32
      24
      26
      33
      37
      37
      32
      22
      21
      37
      38
      24
      21
      35
      20
      34
      35
      24
      27
      18
      26
      22
      22
      19
      29
      28
      24
      31
      32
      30
      19
      23
      27
      25
      24
      30
      22
      20
      23
      28
      15
      24
      23
      16
      24
      13
      30
      22
      22
      14
      20
      13
      16
      19
      20
      18
      14
      20
      15
      20
      23
      17
      22
      21
      15
      20
      25
      19
      14
      18
      20
      16
      24
      22
      15
      11
      22
      19
      24
      24
      16
      16
      25
      18
      28
      27
      25
      24
      30
      32
      24
      35
      34
      21
      32
      32
      26
      19
      22
      35
      30
      22
      31
      24
      26
      21
      28
      23
      24
      23
      30
      22
      28
      24
      34
      26
      16
      23
      22
      24
      19
      26
      22
      21
      19
      21
      18
      25
      19
      21
      24
      24
      21
      18
      13
      14
      20
      13
      20
      16
      11
      16
      16
       8
      15
      14
      19
      18
      14
      19
      10
      11
       9
      13
      12
      18
      10
      14
      10
      13
      12
      13
       9
      11
      14
      11
      10
      12
       9
       8
       6
      11
      10
       6
       4
       7
       8
       4
       8
      13
       5
       8
       4
       9
       7
       4
       6
       7
       8
       8
       8
       5
       7
       6
       2
       5
       4
       4
      11
       6
       8
       8
      11
       6
       5
      10
       7
       7
       6
       6
       5
       8
       2
       8
      11
       5
       7
       9
       4
       3
       7
       7
       4
       6
       4
       3
       5
       3
       4
       6
       7
       9
       6
       5
       3
       6
       6
       6
       2
       7
       1
       0
       4
       5
       8
       8
       4
       3
       5
       3
       2
       2
      10
       4
       4
       6
       6
       6
       2
       1
       6
       9
       2
       4
      10
       3
       5
       7
       4
       4
       9
       6
       4
       5
       4
       4
       3
       3
       6
       2
       5
       6
       5
       2
       3
       5
       5
       2
       3
       9
       6
       3
       3
       7
       6
       3
       5
       1
       6
       7
       3
       6
       3
       4
       5
       5
       4
       6
       4
       5
       3
       7
       2
       3
       4
       4
       5
       5
       5
       1
       6
       3
       5
       3
       7
       0
       4
       3
       6
       2
       6
       5
       2
       1
       4
       4
       2
       3
       3
       1
       2
       5
       4
       2
       1
       4
       2
       7
       2
       4
       3
       3
       1
       4
       4
       3
       1
       1
       1
       3
       0
       5
       4
       1
       2
       3
       4
       3
       4
       7
       5
       4
       5
       5
       3
       3
       5
       3
       1
       2
       8
       3
       5
       4
       6
       6
       2
       5
       0
       1
       3
       2
       6
       5
       3
       4
       0
       3
       5
       3
       3
       4
       2
       4
       3
       4
       5
       6
       3
       4
       3
       6
       2
       4
       4
       3
       3
       2
       5
       1
       3
       3
       2
       4
       0
       0
       3
       1
       3
       2
       4
       3
       4
       6
       0
       4
       2
       1
       1
       1
       5
       0
       3
       1
       1
       4
       4
       0
       1
       4
       1
       1
       2
       3
       1
       2
       3
       3
       0
       1
       1
       0
       2
       2
       0
       0
       1
       2
       1
       2
       1
       0
       3
       3
       1
       2
       2
       1
       1
       2
       0
       1
       0
       1
       0
       2
       1
       1
       0
       1
       1
       0
       1
       1
       0
       0
       2
       2
       0
       0
       1
       1
       1
       0
       0
       0
       0
       0
       0
       0
       0
       0
       2
       0
       2
       0
       0
       1
       0
       0
       2
       0
       0
       0
       0
       0
       2
       0
       0
       0
       0
       0
       0
       1
       2
       1
       1
       0
       0
       0
       1
       0
       1
       1
       0
       1
       1
       0
       0
       0
       0
       0
       0
       0
       0
       0
       0
       0
       1
       2
       0
       0
       0
       0
       0
       0
       1
       0
       1
       0
       1
       1
       1
       2
       0
       0
       3
       0
       1
       0
       0
       0
       2
       1
       0
       0
       0
       0
       0
       0
       0
       0
       0
       0
       0
       0
       0
       0
       0
       0
       0
       0
       0
       0
       0
       0
       0
       0
       0
       0
       0
       0
       0
       0
       0
       0
       0
       0
       0
       0
$ROI:
0
$PRESETS:
Live Time
1200
0
$ENER_FIT:
47.423248 1.595783
$MCA_CAL:
3
4.742325E+001 1.595783E+000 1.708513E-003 keV
$SHAPE_CAL:
3
0.000000E+000 0.000000E+000 0.000000E+000
