$SPEC_ID:
none
$SPEC_REM:
DET# 1
DETDESC# Donnie Sheehan III - Easy-MCA-2k SN 14163589
AP# Maestro Version 7.01
$DATE_MEA:
04/24/2023 14:15:34
$MEAS_TIM:
1200 1200
$DATA:
0 1023
       0
       0
      10
     111
      53
      77
      53
      55
      53
      42
      71
      70
      83
      75
      81
      84
      99
      81
      76
      75
      93
      95
      99
     102
      98
     102
      99
     103
     113
     113
     114
     120
     138
     174
     172
     262
     294
     330
     306
     297
     293
     301
     291
     271
     281
     247
     232
     219
     220
     222
     214
     227
     224
     210
     213
     212
     210
     218
     217
     217
     226
     197
     222
     212
     193
     225
     211
     201
     216
     205
     235
     222
     213
     218
     229
     196
     213
     195
     215
     222
     210
     177
     195
     233
     176
     187
     186
     195
     198
     180
     191
     184
     209
     196
     187
     178
     167
     208
     175
     182
     169
     180
     157
     164
     149
     182
     180
     174
     163
     163
     183
     172
     181
     160
     171
     188
     155
     161
     161
     160
     140
     156
     161
     138
     147
     173
     172
     152
     163
     140
     131
     162
     150
     142
     175
     123
     133
     139
     137
     145
     130
     125
     143
     154
     121
     117
     148
     146
     136
     118
     121
     153
     129
     119
     122
     137
     113
     127
     105
     101
     108
     102
     105
     136
     107
     116
     130
     101
     117
     107
     100
     123
      93
     121
     107
     113
     130
     106
     104
     105
     121
     138
     122
     114
     120
     119
     133
     126
     146
     144
     160
     170
     143
     147
     153
     159
     157
     171
     159
     168
     152
     161
     170
     158
     164
     172
     149
     137
     155
     127
     164
     146
     153
     118
      98
     117
     109
     126
     112
      91
     122
      92
      94
     107
     103
      94
      92
      88
      85
      79
      83
      76
      75
      72
      77
      63
      76
      77
      73
      87
      64
      62
      71
      78
      69
      78
      62
      61
      67
      66
      64
      68
      61
      67
      62
      67
      71
      50
      61
      64
      61
      56
      66
      56
      70
      67
      53
      59
      60
      57
      53
      56
      55
      53
      59
      45
      67
      46
      45
      52
      47
      50
      53
      38
      46
      51
      43
      33
      45
      38
      45
      42
      44
      44
      47
      54
      49
      34
      50
      34
      49
      46
      42
      33
      43
      39
      40
      38
      44
      37
      38
      41
      33
      42
      34
      35
      31
      36
      38
      40
      36
      34
      26
      38
      33
      38
      44
      43
      37
      23
      38
      20
      30
      32
      30
      40
      35
      42
      49
      37
      35
      30
      36
      28
      43
      36
      41
      35
      33
      39
      36
      35
      34
      33
      36
      37
      34
      28
      41
      36
      41
      26
      32
      35
      40
      29
      31
      41
      36
      29
      35
      24
      29
      38
      31
      30
      37
      29
      35
      31
      30
      27
      32
      34
      29
      29
      27
      32
      44
      26
      36
      39
      27
      39
      31
      34
      26
      31
      26
      39
      26
      36
      37
      30
      33
      39
      37
      25
      33
      33
      27
      36
      28
      37
      34
      27
      30
      26
      24
      27
      33
      30
      35
      42
      24
      29
      27
      25
      38
      28
      20
      39
      25
      15
      27
      33
      24
      21
      29
      33
      26
      18
      21
      32
      14
      17
      22
      26
      28
      25
      24
      18
      17
      29
      20
      14
      21
      21
      22
      17
      13
      13
      23
      25
      21
      22
      24
      17
      19
      17
      14
      18
      12
      20
      25
      28
      13
      18
      21
      16
      24
      16
      26
      12
      19
      28
      19
      22
      25
      33
      26
      26
      30
      24
      27
      30
      24
      27
      28
      35
      31
      22
      26
      29
      24
      30
      31
      36
      24
      33
      34
      26
      23
      17
      24
      28
      20
      26
      19
      33
      19
      22
      29
      26
      28
      20
      18
      27
      17
      31
      20
      24
      22
      16
      11
      17
      22
      22
      21
      15
      23
      17
      19
      21
      11
      10
      16
      17
      17
      12
      19
      17
      15
      15
      15
      10
      10
      14
      11
      15
      16
      15
      17
      15
      11
      12
       8
      10
      12
       8
      12
       7
      11
       9
      11
       7
       7
       6
       5
       8
       9
       3
      10
       9
      13
      13
      10
       9
       6
      14
       4
       5
       8
       5
       7
       9
       5
       7
       7
      13
       6
       9
       5
       7
      14
       2
       8
       4
      10
       6
       4
       9
       9
       9
       6
       5
       5
       3
       6
      11
       4
       8
       7
       4
       4
       4
       4
       6
       5
       6
      11
       5
       4
       6
       9
       4
       2
       6
       4
       1
       6
       9
       8
       4
       7
       3
       6
       3
       6
       4
       6
       2
       2
       3
       8
       5
       4
       5
       3
       3
       3
       6
       6
       5
       5
       7
       4
       7
      10
       2
       2
       2
       8
       7
       4
       4
       5
       4
       8
      13
       4
       9
       6
       4
      10
       4
       6
       4
       4
       6
       3
       9
       5
       6
       5
       5
       4
       2
       9
       3
       5
       3
       1
       4
       5
       4
       5
       3
       5
       5
       5
       3
       4
       8
       8
       5
       4
       2
       4
       2
       2
       1
       1
       3
       5
       2
       3
       9
       6
       3
       5
       8
       5
       3
       5
       1
       5
       5
       2
       3
       4
       6
       2
       8
       5
       3
       6
       3
       1
       2
       2
       3
       3
       0
       3
       7
       4
       1
       1
       3
       3
       1
       3
       2
       5
       3
       3
       8
       3
       3
       0
       7
       3
       6
       5
       4
       8
       5
       4
       6
       3
       1
       4
       6
       2
       7
       4
       4
       4
       4
       3
       2
       5
       2
       6
       4
       1
       8
       5
       3
       6
       5
       3
       4
       4
       3
       1
       8
       6
       4
       3
       6
       1
       3
       1
       0
       5
       3
       1
       2
       5
       4
       0
       5
       3
       4
       1
       3
       3
       1
       3
       3
       1
       4
       2
       0
       4
       3
       2
       2
       1
       3
       2
       2
       1
       3
       2
       1
       1
       0
       2
       1
       0
       1
       1
       1
       4
       2
       0
       4
       0
       1
       2
       0
       1
       2
       1
       3
       3
       0
       1
       1
       2
       1
       0
       0
       0
       0
       2
       2
       1
       4
       0
       0
       1
       2
       0
       2
       0
       1
       1
       1
       0
       1
       2
       2
       0
       1
       1
       1
       1
       1
       0
       3
       0
       1
       1
       0
       0
       0
       1
       0
       0
       1
       1
       0
       1
       1
       0
       0
       0
       0
       1
       0
       0
       1
       0
       0
       0
       1
       0
       2
       0
       0
       1
       0
       0
       0
       1
       3
       0
       1
       0
       0
       1
       1
       0
       0
       0
       0
       1
       1
       0
       1
       1
       0
       2
       0
       0
       0
       2
       1
       0
       1
       1
       1
       0
       0
       0
       0
       1
       0
       0
       0
       0
       0
       0
       1
       0
       0
       0
       0
       3
       2
       0
       0
       2
       0
       0
       1
       0
       0
       0
       0
       0
       0
       0
       0
       0
       0
       0
       0
       0
       0
       0
       0
       0
       0
       0
       0
       0
       0
       0
       0
       0
       0
       0
       0
       0
       0
       0
       0
       0
       0
$ROI:
0
$PRESETS:
Live Time
1200
0
$ENER_FIT:
47.423248 1.595783
$MCA_CAL:
3
4.742325E+001 1.595783E+000 1.708513E-003 keV
$SHAPE_CAL:
3
0.000000E+000 0.000000E+000 0.000000E+000
