$SPEC_ID:
none
$SPEC_REM:
DET# 1
DETDESC# Donnie Sheehan III - Easy-MCA-2k SN 14163589
AP# Maestro Version 7.01
$DATE_MEA:
04/24/2023 14:57:42
$MEAS_TIM:
1200 1200
$DATA:
0 1023
       0
       0
       8
      91
      50
      59
      44
      39
      55
      50
      50
      57
      54
      51
      76
      87
      75
      63
      78
      64
      57
      64
      64
      76
      84
      92
      77
      93
      95
      83
      86
     108
     126
     129
     187
     217
     229
     293
     268
     291
     252
     257
     233
     238
     243
     216
     234
     202
     193
     190
     175
     190
     200
     192
     205
     155
     196
     188
     176
     204
     194
     187
     159
     198
     199
     174
     203
     179
     174
     164
     180
     141
     160
     168
     185
     176
     180
     155
     182
     164
     155
     155
     178
     172
     152
     164
     143
     137
     144
     169
     156
     165
     152
     156
     131
     153
     142
     136
     146
     162
     141
     133
     136
     137
     120
     131
     116
     118
     126
     148
     117
     126
     118
     145
     122
     127
     123
      90
     128
     104
     129
     112
     135
     114
     120
     140
     128
     115
     119
     102
     127
     126
     127
     120
     126
     122
     121
     103
     105
     131
     121
     122
     119
     122
     114
     108
      88
      95
      91
     119
     103
     104
      99
      96
      99
      90
      95
      96
      96
      96
      94
     100
      93
      70
      76
      76
      70
      76
      73
      77
      81
      85
      78
      71
      85
      84
      59
      76
      76
      64
      69
      89
      84
      65
      76
      73
      80
      75
      69
      69
      73
      66
      66
      56
      72
      67
      73
      52
      63
      62
      74
      72
      75
      86
      56
      57
      82
      72
      71
      75
      61
      77
      67
      65
      59
      75
      64
      84
      70
      67
      58
      58
      54
      69
      69
      63
      59
      80
      78
      68
      63
      67
      68
      62
      68
      52
      70
      64
      69
      54
      74
      65
      55
      64
      79
      59
      70
      50
      66
      64
      46
      65
      73
      64
      55
      57
      62
      77
      68
      60
      52
      47
      48
      64
      62
      60
      68
      57
      71
      41
      43
      51
      60
      41
      51
      58
      50
      49
      49
      43
      54
      51
      42
      39
      49
      46
      49
      40
      41
      60
      46
      53
      45
      40
      32
      50
      52
      42
      45
      44
      46
      49
      31
      46
      37
      39
      31
      47
      30
      35
      48
      33
      38
      45
      36
      27
      39
      38
      37
      39
      44
      32
      31
      41
      31
      34
      38
      29
      40
      27
      48
      34
      28
      30
      35
      31
      32
      24
      37
      43
      32
      29
      31
      41
      36
      39
      29
      43
      47
      28
      32
      35
      36
      44
      26
      38
      31
      29
      32
      41
      25
      28
      29
      27
      40
      42
      35
      35
      37
      25
      48
      36
      36
      34
      39
      28
      33
      33
      34
      29
      26
      35
      38
      41
      39
      24
      33
      43
      43
      26
      34
      35
      45
      38
      48
      37
      35
      29
      48
      38
      31
      34
      37
      34
      31
      32
      31
      37
      33
      37
      21
      38
      32
      40
      27
      40
      26
      34
      27
      30
      40
      28
      24
      32
      26
      30
      28
      32
      33
      28
      27
      26
      28
      31
      28
      25
      27
      27
      25
      24
      19
      31
      17
      21
      20
      23
      24
      29
      27
      21
      26
      16
      20
      29
      14
      15
      25
      21
      28
      21
      23
      25
      19
      24
      21
      24
      18
      15
      17
      26
      16
      23
      17
      25
      15
      11
      16
      16
      20
      13
      14
      16
      19
      18
      18
      16
      20
      25
      25
      30
      25
      22
      25
      20
      24
      24
      28
      39
      33
      23
      33
      28
      29
      37
      29
      29
      28
      22
      31
      31
      30
      31
      22
      28
      26
      20
      26
      32
      18
      25
      22
      22
      30
      21
      32
      23
      23
      22
      25
      24
      24
      19
      22
      18
      14
      24
      20
      21
      16
      34
      19
       9
      15
      12
      19
      17
      14
      15
      17
      19
       7
      23
      13
       9
      13
      11
      13
      11
      16
      14
      16
      15
      18
       6
      18
      12
      13
      12
       6
       8
      10
      10
      10
       9
      10
      18
      13
       6
      14
       8
       8
      12
       6
       6
       7
      10
       8
      11
      15
      12
      11
       6
       4
       8
      10
       6
       9
       6
       3
       9
       8
       9
       6
       9
       8
       3
      11
       5
       6
       6
       8
       4
       5
       5
      12
       6
       9
       9
       6
       2
       7
       3
      15
       4
       5
       7
       5
       4
       8
      10
       6
       8
       7
       3
       5
       6
       5
       3
       4
       5
       2
      11
       7
       3
       3
       4
       5
       3
       6
       5
       1
       7
       4
       7
       7
       6
       2
       3
       7
       1
       7
       8
       6
       5
       4
       6
       4
       5
       3
       6
       8
       5
       8
       3
       5
       3
       5
       5
       6
       5
       3
       6
       3
       7
       3
       4
      10
       6
       5
       6
       6
       2
       7
       2
       4
       7
       3
       2
       5
       6
       1
       7
       5
       5
       4
       2
       2
       8
       1
       4
       2
       3
       7
       6
       1
       7
       5
       7
       3
       4
       3
       2
       4
       3
       4
       2
       1
       5
       1
       2
       4
       0
       3
       4
       6
       5
       2
       4
       5
       2
       2
       3
       1
       4
       2
       5
       2
       2
       3
       7
       3
       4
       3
       2
       1
       3
       0
       4
       3
       2
       3
       6
       3
       4
       1
       4
       2
       6
       4
       5
       2
       5
       6
       3
       3
       5
       5
       3
       5
       5
       0
       3
       4
       2
       3
       2
       2
       4
       2
       2
       5
       5
       6
       2
       6
       6
       9
       7
       1
       1
       3
       5
       1
       2
       3
       2
       4
       1
       4
       4
       1
       2
       3
       2
       1
       2
       3
       8
       0
       3
       1
       0
       1
       3
       9
       3
       6
       4
       5
       2
       3
       5
       4
       4
       3
       2
       0
       3
       5
       1
       2
       2
       2
       2
       1
       2
       4
       1
       2
       3
       2
       3
       1
       3
       1
       1
       0
       0
       2
       2
       2
       3
       3
       1
       2
       1
       3
       0
       0
       1
       2
       1
       2
       3
       3
       2
       1
       1
       1
       1
       0
       1
       0
       0
       2
       3
       0
       1
       1
       0
       0
       1
       1
       1
       0
       1
       2
       0
       0
       1
       1
       0
       0
       0
       1
       0
       0
       1
       2
       0
       0
       1
       0
       0
       0
       0
       0
       0
       1
       0
       0
       0
       0
       0
       0
       0
       1
       0
       0
       1
       2
       1
       0
       1
       0
       1
       0
       1
       0
       0
       0
       0
       2
       0
       0
       1
       1
       0
       0
       1
       0
       0
       0
       0
       1
       1
       0
       0
       2
       0
       0
       0
       0
       0
       0
       0
       1
       1
       0
       1
       0
       0
       0
       0
       0
       0
       0
       0
       0
       0
       0
       0
       0
       1
       0
       0
       0
       1
       1
       0
       0
       0
       0
       0
       0
       0
       0
       0
       0
       0
       0
       0
       0
       0
       0
       0
       0
       0
       0
       0
       0
       0
       0
       0
       0
       0
       0
       0
       0
       0
       0
       0
       0
       0
$ROI:
0
$PRESETS:
Live Time
1200
0
$ENER_FIT:
47.423248 1.595783
$MCA_CAL:
3
4.742325E+001 1.595783E+000 1.708513E-003 keV
$SHAPE_CAL:
3
0.000000E+000 0.000000E+000 0.000000E+000
