$SPEC_ID:
none
$SPEC_REM:
DET# 1
DETDESC# Donnie Sheehan III - Easy-MCA-2k SN 14163589
AP# Maestro Version 7.01
$DATE_MEA:
04/24/2023 14:36:29
$MEAS_TIM:
1200 1200
$DATA:
0 1023
       0
       0
      10
      90
      51
      46
      65
      65
      50
      51
      58
      58
      62
      70
      78
      94
      91
      77
      80
      83
      87
      87
      94
      90
     102
     102
     110
      82
     112
     112
     115
     118
     129
     196
     239
     230
     280
     307
     325
     323
     323
     299
     281
     250
     253
     276
     219
     218
     214
     190
     213
     203
     222
     214
     201
     220
     251
     243
     222
     228
     210
     206
     204
     212
     243
     204
     208
     218
     204
     197
     208
     212
     184
     213
     235
     194
     226
     191
     183
     225
     177
     202
     195
     185
     188
     205
     190
     186
     177
     178
     218
     166
     203
     185
     200
     181
     158
     168
     171
     169
     170
     168
     167
     168
     150
     159
     159
     140
     151
     167
     149
     155
     155
     172
     156
     159
     144
     137
     157
     158
     153
     142
     134
     119
     154
     150
     152
     153
     129
     136
     144
     139
     129
     137
     140
     136
     157
     132
     151
     127
     122
     113
     117
     136
     112
     112
     141
     115
     112
     141
     124
      99
     106
     107
     106
     108
      98
      95
     117
      93
     105
      92
     115
      91
      97
      97
      98
     109
      96
      92
      83
      80
     102
      73
      80
      95
      85
     102
      99
     111
      99
     119
     101
     125
     123
     121
     115
     115
     153
     133
     123
     149
     121
     129
     130
     151
     148
     152
     154
     140
     172
     142
     158
     130
     140
     132
     148
     149
     108
     121
     113
     109
     117
     119
      95
     126
      94
     108
     100
     102
      96
      81
      85
      75
      79
      76
     104
      82
      91
      75
      75
      95
      85
      69
      78
      65
      72
      75
      70
      70
      83
      88
      52
      59
      55
      73
      47
      53
      52
      70
      64
      53
      58
      55
      87
      47
      65
      66
      63
      55
      71
      57
      54
      52
      63
      66
      56
      53
      51
      65
      57
      58
      51
      64
      38
      54
      47
      43
      46
      54
      48
      50
      53
      44
      44
      43
      61
      47
      46
      36
      36
      45
      44
      44
      40
      34
      46
      30
      46
      44
      40
      35
      42
      43
      50
      42
      34
      40
      46
      34
      41
      41
      44
      36
      30
      37
      35
      26
      40
      46
      38
      38
      33
      39
      45
      29
      43
      35
      40
      43
      56
      32
      34
      40
      40
      39
      32
      47
      30
      39
      34
      45
      32
      30
      35
      36
      39
      49
      33
      33
      32
      30
      33
      31
      29
      30
      30
      40
      30
      37
      37
      28
      37
      35
      40
      36
      27
      32
      42
      29
      26
      43
      30
      37
      43
      33
      45
      45
      40
      39
      35
      43
      26
      41
      31
      40
      23
      38
      36
      44
      36
      41
      36
      36
      37
      28
      38
      43
      41
      43
      43
      33
      30
      26
      42
      38
      31
      25
      41
      31
      27
      31
      30
      34
      29
      37
      26
      29
      35
      31
      24
      31
      28
      23
      26
      39
      25
      27
      28
      33
      23
      27
      20
      30
      17
      21
      18
      21
      32
      39
      27
      22
      29
      20
      24
      23
      32
      23
      28
      25
      21
      29
      28
      21
      16
      23
      23
      18
      21
      21
      17
      19
      21
      16
      17
      24
      20
      17
      18
      15
      14
      17
      22
      18
      20
      28
      24
      17
      31
      22
      21
      27
      16
      23
      22
      27
      25
      25
      21
      19
      30
      30
      22
      31
      23
      24
      31
      27
      28
      30
      23
      33
      22
      31
      31
      28
      29
      25
      22
      20
      23
      19
      31
      21
      23
      30
      26
      30
      30
      25
      25
      25
      22
      22
      20
      29
      26
      20
      22
      22
      10
      17
      17
      22
      18
      13
      22
      17
      16
      24
      17
      13
      17
      23
      19
      13
      14
      16
      12
      18
      12
      11
      19
      15
      14
      14
       9
      13
      15
       9
      16
      14
      17
      17
      13
      15
      14
      12
       9
       7
      11
      14
      11
      12
      12
       4
      10
       7
       6
      13
       7
       5
       7
       4
      10
       7
       7
       8
       6
       8
      15
       9
       5
       8
       8
       9
       9
       6
       8
      10
       7
       4
      13
       8
       6
       5
       9
       5
       9
       5
       8
      10
       5
       3
       8
       7
       8
       2
       8
       6
      10
       6
       3
       4
       8
       4
       5
       9
       2
       7
       4
       8
       2
       6
       4
       9
       3
       5
       5
       3
       1
       7
       3
       1
       3
       6
       9
       1
       5
       6
       9
       8
       5
       2
       6
       3
       2
       9
       4
       9
       7
      10
       2
       8
       1
       5
       6
       4
       7
       7
       1
       4
       2
       5
       3
      11
       5
       4
       6
       9
       7
       4
       6
       7
       5
       3
       6
       5
       4
       1
       4
       7
       1
       8
       5
       6
       4
       4
       5
       2
       4
       7
       2
       5
       4
       4
       8
       5
       2
       1
       4
      10
       3
       2
       4
       8
       2
       5
       5
       2
       4
       6
       3
       2
       3
       5
       1
       0
       2
       8
       4
       4
       6
       3
       1
       1
       6
       8
       4
       4
       4
       5
       5
       5
       7
       2
       6
       7
       3
       2
       4
       0
       3
       2
       5
       1
       5
       2
       3
       2
       7
       7
       3
       1
       6
       1
       2
       5
       3
       4
       4
       2
       3
       4
       1
       2
       4
       6
       2
       1
       5
       1
       1
       3
       3
       5
       4
       4
       5
       7
       4
       4
       9
       5
       4
       6
       4
       5
       2
       6
       5
      12
       5
       5
       1
       4
       6
       2
       2
       6
       7
       4
       1
       1
       3
       2
       3
       2
       4
       5
       7
       1
       4
       0
       6
       3
       5
       1
       3
       4
       5
       4
       2
       1
       1
       2
       2
       0
       1
       2
       3
       1
       4
       2
       0
       3
       5
       1
       4
       2
       2
       1
       1
       2
       1
       0
       1
       4
       3
       1
       2
       2
       0
       1
       0
       0
       2
       1
       2
       0
       2
       1
       1
       3
       3
       1
       1
       0
       1
       1
       1
       2
       0
       0
       0
       1
       1
       1
       0
       2
       1
       2
       1
       1
       0
       0
       0
       0
       1
       0
       1
       0
       0
       0
       0
       0
       0
       1
       1
       0
       1
       0
       0
       1
       0
       1
       1
       0
       2
       0
       0
       0
       1
       0
       1
       0
       0
       1
       1
       1
       0
       1
       0
       0
       2
       0
       0
       2
       0
       1
       0
       1
       1
       0
       0
       1
       0
       1
       0
       0
       1
       0
       2
       2
       2
       0
       1
       2
       0
       0
       1
       0
       0
       0
       1
       0
       1
       0
       0
       1
       0
       1
       0
       0
       1
       0
       0
       2
       0
       0
       0
       1
       0
       1
       0
       0
       1
       2
       0
       0
       0
       0
       0
       0
       0
       0
       0
       0
       0
       0
       0
       0
       0
       0
       0
       0
       0
       0
       0
       0
       0
       0
       0
       0
       0
       0
       0
       0
       0
       0
       0
       0
       0
       0
$ROI:
0
$PRESETS:
Live Time
1200
0
$ENER_FIT:
47.423248 1.595783
$MCA_CAL:
3
4.742325E+001 1.595783E+000 1.708513E-003 keV
$SHAPE_CAL:
3
0.000000E+000 0.000000E+000 0.000000E+000
